105
# x y z
-1	-1.7217293090531	5
-1	-1.7217293090531	6
-1	-1.7217293090531	7
-1	-1.7217293090531	8
-1	-1.7217293090531	9
-1	-1.7217293090531	10
-1	-1.7217293090531	11
-1	-1.7217293090531	12
-1	-1.7217293090531	13
-1	-1.7217293090531	14
-1	-1.7217293090531	15
-1	-1.7217293090531	16
-1	-1.7217293090531	17
-1	-1.7217293090531	18
-1	-1.7217293090531	19
-1	-1.7217293090531	20
-1	-1.7217293090531	21
-1	-1.7217293090531	22
-1	-1.7217293090531	23
-1	-1.7217293090531	24
-1	-1.7217293090531	25
-0.5	-1.7217293090531	5
-0.5	-1.7217293090531	6
-0.5	-1.7217293090531	7
-0.5	-1.7217293090531	8
-0.5	-1.7217293090531	9
-0.5	-1.7217293090531	10
-0.5	-1.7217293090531	11
-0.5	-1.7217293090531	12
-0.5	-1.7217293090531	13
-0.5	-1.7217293090531	14
-0.5	-1.7217293090531	15
-0.5	-1.7217293090531	16
-0.5	-1.7217293090531	17
-0.5	-1.7217293090531	18
-0.5	-1.7217293090531	19
-0.5	-1.7217293090531	20
-0.5	-1.7217293090531	21
-0.5	-1.7217293090531	22
-0.5	-1.7217293090531	23
-0.5	-1.7217293090531	24
-0.5	-1.7217293090531	25
0	-1.7217293090531	5
0	-1.7217293090531	6
0	-1.7217293090531	7
0	-1.7217293090531	8
0	-1.7217293090531	9
0	-1.7217293090531	10
0	-1.7217293090531	11
0	-1.7217293090531	12
0	-1.7217293090531	13
0	-1.7217293090531	14
0	-1.7217293090531	15
0	-1.7217293090531	16
0	-1.7217293090531	17
0	-1.7217293090531	18
0	-1.7217293090531	19
0	-1.7217293090531	20
0	-1.7217293090531	21
0	-1.7217293090531	22
0	-1.7217293090531	23
0	-1.7217293090531	24
0	-1.7217293090531	25
0.5	-1.7217293090531	5
0.5	-1.7217293090531	6
0.5	-1.7217293090531	7
0.5	-1.7217293090531	8
0.5	-1.7217293090531	9
0.5	-1.7217293090531	10
0.5	-1.7217293090531	11
0.5	-1.7217293090531	12
0.5	-1.7217293090531	13
0.5	-1.7217293090531	14
0.5	-1.7217293090531	15
0.5	-1.7217293090531	16
0.5	-1.7217293090531	17
0.5	-1.7217293090531	18
0.5	-1.7217293090531	19
0.5	-1.7217293090531	20
0.5	-1.7217293090531	21
0.5	-1.7217293090531	22
0.5	-1.7217293090531	23
0.5	-1.7217293090531	24
0.5	-1.7217293090531	25
1	-1.7217293090531	5
1	-1.7217293090531	6
1	-1.7217293090531	7
1	-1.7217293090531	8
1	-1.7217293090531	9
1	-1.7217293090531	10
1	-1.7217293090531	11
1	-1.7217293090531	12
1	-1.7217293090531	13
1	-1.7217293090531	14
1	-1.7217293090531	15
1	-1.7217293090531	16
1	-1.7217293090531	17
1	-1.7217293090531	18
1	-1.7217293090531	19
1	-1.7217293090531	20
1	-1.7217293090531	21
1	-1.7217293090531	22
1	-1.7217293090531	23
1	-1.7217293090531	24
1	-1.7217293090531	25
420
# a b m n err i ip iperr k r rhoa u valid 
1	10	2	3	3.00001056111467e-02	1.00000000000000e+00	0.00000000000000e+00	0.00000000000000e+00	1.05568843554361e+00	9.60979507459676e+02	1.01449495281957e+03	9.60979507459676e+02	1
1	10	3	4	3.00028268565177e-02	1.00000000000000e+00	0.00000000000000e+00	0.00000000000000e+00	2.77822087437206e+01	3.52282358116548e+01	9.78718200992410e+02	3.52282358116548e+01	1
1	10	4	5	3.00050767359321e-02	1.00000000000000e+00	0.00000000000000e+00	0.00000000000000e+00	4.81727219346062e+01	2.00804997132281e+01	9.67332328993278e+02	2.00804997132281e+01	1
1	10	5	6	3.00080192909273e-02	1.00000000000000e+00	0.00000000000000e+00	0.00000000000000e+00	6.94414205529542e+01	1.30398450285154e+01	9.05505362570490e+02	1.30398450285154e+01	1
1	10	6	7	3.00075881868162e-02	1.00000000000000e+00	0.00000000000000e+00	0.00000000000000e+00	5.89800265619581e+01	1.30857824933260e+01	7.71799799040371e+02	1.30857824933260e+01	1
1	10	7	8	3.00040596946949e-02	1.00000000000000e+00	0.00000000000000e+00	0.00000000000000e+00	3.04953682212264e+01	2.44593501577590e+01	7.45896889512774e+02	2.44593501577590e+01	1
1	10	8	9	3.00014563889668e-02	1.00000000000000e+00	0.00000000000000e+00	0.00000000000000e+00	1.16834104927969e+01	7.19161369867969e+01	8.40225749472959e+02	7.19161369867969e+01	1
2	11	3	4	3.00004712832207e-02	1.00000000000000e+00	0.00000000000000e+00	0.00000000000000e+00	4.70772855061090e+00	2.17071891955430e+02	1.02191554329370e+03	2.17071891955430e+02	1
2	11	4	5	3.00026739953919e-02	1.00000000000000e+00	0.00000000000000e+00	0.00000000000000e+00	2.64291711107690e+01	3.68704641760259e+01	9.74455806641668e+02	3.68704641760259e+01	1
2	11	5	6	3.00047528127438e-02	1.00000000000000e+00	0.00000000000000e+00	0.00000000000000e+00	4.56111416331616e+01	2.13826934652657e+01	9.75289060142712e+02	2.13826934652657e+01	1
2	11	6	7	3.00080603589425e-02	1.00000000000000e+00	0.00000000000000e+00	0.00000000000000e+00	6.99455340371411e+01	1.22338687512595e+01	8.55704483147140e+02	1.22338687512595e+01	1
2	11	7	8	3.00079458971223e-02	1.00000000000000e+00	0.00000000000000e+00	0.00000000000000e+00	5.89577199944872e+01	1.24092269454362e+01	7.31619727597072e+02	1.24092269454362e+01	1
2	11	8	9	3.00044990265991e-02	1.00000000000000e+00	0.00000000000000e+00	0.00000000000000e+00	3.05296065667480e+01	2.23883974578757e+01	6.83508966048927e+02	2.23883974578757e+01	1
2	11	9	10	3.00000743268909e-02	1.00000000000000e+00	0.00000000000000e+00	0.00000000000000e+00	7.32772859940822e-01	1.26818361215990e+03	9.29290532412493e+02	1.26818361215990e+03	1
3	12	4	5	3.00000844231122e-02	1.00000000000000e+00	0.00000000000000e+00	0.00000000000000e+00	8.44318473211628e-01	1.12321412353828e+03	9.48350433875577e+02	1.12321412353828e+03	1
3	12	5	6	3.00003343404438e-02	1.00000000000000e+00	0.00000000000000e+00	0.00000000000000e+00	3.34400215405577e+00	2.94050930534037e+02	9.83306945107924e+02	2.94050930534037e+02	1
3	12	6	7	3.00027238964234e-02	1.00000000000000e+00	0.00000000000000e+00	0.00000000000000e+00	2.70764697397789e+01	3.55965189870908e+01	9.63828069195429e+02	3.55965189870908e+01	1
3	12	7	8	3.00042974026530e-02	1.00000000000000e+00	0.00000000000000e+00	0.00000000000000e+00	4.10052296874616e+01	2.34892760101382e+01	9.63183157987897e+02	2.34892760101382e+01	1
3	12	8	9	3.00082242954540e-02	1.00000000000000e+00	0.00000000000000e+00	0.00000000000000e+00	6.13161567854812e+01	1.18277828820168e+01	7.25234189618370e+02	1.18277828820168e+01	1
3	12	9	10	3.00002629704116e-02	1.00000000000000e+00	0.00000000000000e+00	0.00000000000000e+00	2.54321752863298e+00	3.64159036678848e+02	9.26135645291748e+02	3.64159036678848e+02	1
3	12	10	11	3.00001017108312e-02	1.00000000000000e+00	0.00000000000000e+00	0.00000000000000e+00	9.95186564371375e-01	1.02640947836871e+03	1.02146892241597e+03	1.02640947836871e+03	1
4	13	5	6	3.00001161541002e-02	1.00000000000000e+00	0.00000000000000e+00	0.00000000000000e+00	1.16220969382200e+00	8.55093951065701e+02	9.93798479057108e+02	8.55093951065701e+02	1
4	13	6	7	3.00004577186634e-02	1.00000000000000e+00	0.00000000000000e+00	0.00000000000000e+00	4.58957219693121e+00	2.18917417457014e+02	1.00473729258469e+03	2.18917417457014e+02	1
4	13	7	8	3.00032222431210e-02	1.00000000000000e+00	0.00000000000000e+00	0.00000000000000e+00	3.27387501996892e+01	2.97076579138356e+01	9.72591591458883e+02	2.97076579138356e+01	1
4	13	8	9	3.00049158472356e-02	1.00000000000000e+00	0.00000000000000e+00	0.00000000000000e+00	4.73282313902129e+01	2.00100978530853e+01	9.47042541331623e+02	2.00100978530853e+01	1
4	13	9	10	3.00095736347139e-02	1.00000000000000e+00	0.00000000000000e+00	0.00000000000000e+00	5.83138876857010e+01	1.04801234808092e+01	6.11136743592186e+02	1.04801234808092e+01	1
4	13	10	11	3.00058562868437e-02	1.00000000000000e+00	0.00000000000000e+00	0.00000000000000e+00	3.05321613147044e+01	1.64859317498438e+01	5.03351127609440e+02	1.64859317498438e+01	1
4	13	11	12	3.00014543305021e-02	1.00000000000000e+00	0.00000000000000e+00	0.00000000000000e+00	1.16966384067851e+01	6.95351906255714e+01	8.13327981294181e+02	6.95351906255714e+01	1
5	14	6	7	3.00001169591290e-02	1.00000000000000e+00	0.00000000000000e+00	0.00000000000000e+00	1.17081916716808e+00	8.39593093502311e+02	9.83011686494450e+02	8.39593093502311e+02	1
5	14	7	8	3.00004629060367e-02	1.00000000000000e+00	0.00000000000000e+00	0.00000000000000e+00	4.65429278339572e+00	2.14136125651254e+02	9.96652224282952e+02	2.14136125651254e+02	1
5	14	8	9	3.00035548260622e-02	1.00000000000000e+00	0.00000000000000e+00	0.00000000000000e+00	3.64972214882171e+01	2.76229172818245e+01	1.00815973018545e+03	2.76229172818245e+01	1
5	14	9	10	3.00047174118977e-02	1.00000000000000e+00	0.00000000000000e+00	0.00000000000000e+00	4.03465671465999e+01	2.23761907246662e+01	9.02802481557870e+02	2.23761907246662e+01	1
5	14	10	11	3.00153021122852e-02	1.00000000000000e+00	0.00000000000000e+00	0.00000000000000e+00	6.03300357810740e+01	6.53239799899011e+00	3.94099805015290e+02	6.53239799899011e+00	1
5	14	11	12	3.00045914823393e-02	1.00000000000000e+00	0.00000000000000e+00	0.00000000000000e+00	3.05483973269722e+01	2.10882617880291e+01	6.44212600035919e+02	2.10882617880291e+01	1
5	14	12	13	3.00000672067301e-02	1.00000000000000e+00	0.00000000000000e+00	0.00000000000000e+00	6.72005982203984e-01	1.52466338020848e+03	1.02458291234745e+03	1.52466338020848e+03	1
6	15	7	8	3.00001172765998e-02	1.00000000000000e+00	0.00000000000000e+00	0.00000000000000e+00	1.17518637857262e+00	8.21455046579009e+02	9.65362781349392e+02	8.21455046579009e+02	1
6	15	8	9	3.00004752609704e-02	1.00000000000000e+00	0.00000000000000e+00	0.00000000000000e+00	4.79488494940214e+00	2.11729148771626e+02	1.01521690879480e+03	2.11729148771626e+02	1
6	15	9	10	3.00022272506185e-02	1.00000000000000e+00	0.00000000000000e+00	0.00000000000000e+00	2.12613426579255e+01	4.22586270163678e+01	8.98475149248462e+02	4.22586270163678e+01	1
6	15	10	11	3.00151468458541e-02	1.00000000000000e+00	0.00000000000000e+00	0.00000000000000e+00	6.89342113605870e+01	6.33883984792856e+00	4.36962925858019e+02	6.33883984792856e+00	1
6	15	11	12	3.00117831938783e-02	1.00000000000000e+00	0.00000000000000e+00	0.00000000000000e+00	6.01417801348061e+01	8.53680391853529e+00	5.13418584322500e+02	8.53680391853529e+00	1
6	15	12	13	3.00003021582453e-02	1.00000000000000e+00	0.00000000000000e+00	0.00000000000000e+00	3.01011994836074e+00	3.38284404424437e+02	1.01827663397733e+03	3.38284404424437e+02	1
6	15	13	14	3.00001297877073e-02	1.00000000000000e+00	0.00000000000000e+00	0.00000000000000e+00	1.30374688366954e+00	7.74450131914721e+02	1.00968694604128e+03	7.74450131914721e+02	1
7	16	8	9	3.00001297877073e-02	1.00000000000000e+00	0.00000000000000e+00	0.00000000000000e+00	1.30374688366958e+00	7.67815810116919e+02	1.00103746967217e+03	7.67815810116919e+02	1
7	16	9	10	3.00003021582453e-02	1.00000000000000e+00	0.00000000000000e+00	0.00000000000000e+00	3.01011994836070e+00	3.27962851772027e+02	9.87207522440242e+02	3.27962851772027e+02	1
7	16	10	11	3.00117831938783e-02	1.00000000000000e+00	0.00000000000000e+00	0.00000000000000e+00	6.01417801347884e+01	8.11008397594429e+00	4.87754887355912e+02	8.11008397594429e+00	1
7	16	11	12	3.00151468458540e-02	1.00000000000000e+00	0.00000000000000e+00	0.00000000000000e+00	6.89342113605786e+01	6.45938949805915e+00	4.45272920919511e+02	6.45938949805915e+00	1
7	16	12	13	3.00022272506185e-02	1.00000000000000e+00	0.00000000000000e+00	0.00000000000000e+00	2.12613426579285e+01	4.42779004169769e+01	9.41407612938979e+02	4.42779004169769e+01	1
7	16	13	14	3.00004752609704e-02	1.00000000000000e+00	0.00000000000000e+00	0.00000000000000e+00	4.79488494940173e+00	2.17083714718444e+02	1.04089143646369e+03	2.17083714718444e+02	1
7	16	14	15	3.00001172765998e-02	1.00000000000000e+00	0.00000000000000e+00	0.00000000000000e+00	1.17518637857258e+00	8.61475000900896e+02	1.01239368653953e+03	8.61475000900896e+02	1
8	17	9	10	3.00000672067301e-02	1.00000000000000e+00	0.00000000000000e+00	0.00000000000000e+00	6.72005982203933e-01	1.40924677580839e+03	9.47022263744844e+02	1.40924677580839e+03	1
8	17	10	11	3.00045914823393e-02	1.00000000000000e+00	0.00000000000000e+00	0.00000000000000e+00	3.05483973269631e+01	2.19912423153024e+01	6.71797207961381e+02	2.19912423153024e+01	1
8	17	11	12	3.00153021122853e-02	1.00000000000000e+00	0.00000000000000e+00	0.00000000000000e+00	6.03300357810644e+01	6.45951108308027e+00	3.89702534770414e+02	6.45951108308027e+00	1
8	17	12	13	3.00047174118977e-02	1.00000000000000e+00	0.00000000000000e+00	0.00000000000000e+00	4.03465671465905e+01	2.07675133720902e+01	8.37897872734753e+02	2.07675133720902e+01	1
8	17	13	14	3.00035548260622e-02	1.00000000000000e+00	0.00000000000000e+00	0.00000000000000e+00	3.64972214882313e+01	2.86470405373760e+01	1.04553738347495e+03	2.86470405373760e+01	1
8	17	14	15	3.00004629060367e-02	1.00000000000000e+00	0.00000000000000e+00	0.00000000000000e+00	4.65429278339548e+00	2.22708364356787e+02	1.03654993302760e+03	2.22708364356787e+02	1
8	17	15	16	3.00001169591290e-02	1.00000000000000e+00	0.00000000000000e+00	0.00000000000000e+00	1.17081916716815e+00	8.78886942428531e+02	1.02901767796914e+03	8.78886942428531e+02	1
9	18	10	11	3.00014543305021e-02	1.00000000000000e+00	0.00000000000000e+00	0.00000000000000e+00	1.16966384067846e+01	6.70289354735323e+01	7.84013221025604e+02	6.70289354735323e+01	1
9	18	11	12	3.00058562868437e-02	1.00000000000000e+00	0.00000000000000e+00	0.00000000000000e+00	3.05321613147040e+01	1.69172351752154e+01	5.16519753368463e+02	1.69172351752154e+01	1
9	18	12	13	3.00095736347139e-02	1.00000000000000e+00	0.00000000000000e+00	0.00000000000000e+00	5.83138876857070e+01	1.05491916551850e+01	6.15164377355457e+02	1.05491916551850e+01	1
9	18	13	14	3.00049158472356e-02	1.00000000000000e+00	0.00000000000000e+00	0.00000000000000e+00	4.73282313901990e+01	2.09378180424316e+01	9.90949897118085e+02	2.09378180424316e+01	1
9	18	14	15	3.00032222431210e-02	1.00000000000000e+00	0.00000000000000e+00	0.00000000000000e+00	3.27387501996973e+01	3.05881087133300e+01	1.00141645024689e+03	3.05881087133300e+01	1
9	18	15	16	3.00004577186634e-02	1.00000000000000e+00	0.00000000000000e+00	0.00000000000000e+00	4.58957219693128e+00	2.17257941465087e+02	9.97121007710687e+02	2.17257941465087e+02	1
9	18	16	17	3.00001161541002e-02	1.00000000000000e+00	0.00000000000000e+00	0.00000000000000e+00	1.16220969382197e+00	8.32351006615480e+02	9.67366408550982e+02	8.32351006615480e+02	1
10	19	11	12	3.00001017108312e-02	1.00000000000000e+00	0.00000000000000e+00	0.00000000000000e+00	9.95186564371311e-01	9.47896765834602e+02	9.43334125769614e+02	9.47896765834602e+02	1
10	19	12	13	3.00002629704116e-02	1.00000000000000e+00	0.00000000000000e+00	0.00000000000000e+00	2.54321752863304e+00	3.89540398169264e+02	9.90685968734768e+02	3.89540398169264e+02	1
10	19	13	14	3.00082242954540e-02	1.00000000000000e+00	0.00000000000000e+00	0.00000000000000e+00	6.13161567854929e+01	1.26539514635736e+01	7.75891671896494e+02	1.26539514635736e+01	1
10	19	14	15	3.00042974026530e-02	1.00000000000000e+00	0.00000000000000e+00	0.00000000000000e+00	4.10052296874556e+01	2.32195925649787e+01	9.52124726376090e+02	2.32195925649787e+01	1
10	19	15	16	3.00027238964234e-02	1.00000000000000e+00	0.00000000000000e+00	0.00000000000000e+00	2.70764697397773e+01	3.78174702829592e+01	1.02396358975147e+03	3.78174702829592e+01	1
10	19	16	17	3.00003343404438e-02	1.00000000000000e+00	0.00000000000000e+00	0.00000000000000e+00	3.34400215405542e+00	3.02341287279140e+02	1.01102991592133e+03	3.02341287279140e+02	1
10	19	17	18	3.00000844231122e-02	1.00000000000000e+00	0.00000000000000e+00	0.00000000000000e+00	8.44318473211627e-01	1.16158517225386e+03	9.80747819142640e+02	1.16158517225386e+03	1
11	20	12	13	3.00000743268909e-02	1.00000000000000e+00	0.00000000000000e+00	0.00000000000000e+00	7.32772859940834e-01	1.35999485799929e+03	9.96567321600969e+02	1.35999485799929e+03	1
11	20	13	14	3.00044990265991e-02	1.00000000000000e+00	0.00000000000000e+00	0.00000000000000e+00	3.05296065667406e+01	2.32527635393108e+01	7.09897722444609e+02	2.32527635393108e+01	1
11	20	14	15	3.00079458971222e-02	1.00000000000000e+00	0.00000000000000e+00	0.00000000000000e+00	5.89577199944856e+01	1.25715815192499e+01	7.41191783099786e+02	1.25715815192499e+01	1
11	20	15	16	3.00080603589425e-02	1.00000000000000e+00	0.00000000000000e+00	0.00000000000000e+00	6.99455340371758e+01	1.29888994861360e+01	9.08515511112980e+02	1.29888994861360e+01	1
11	20	16	17	3.00047528127438e-02	1.00000000000000e+00	0.00000000000000e+00	0.00000000000000e+00	4.56111416331644e+01	1.93863138604679e+01	8.84231907234781e+02	1.93863138604679e+01	1
11	20	17	18	3.00026739953919e-02	1.00000000000000e+00	0.00000000000000e+00	0.00000000000000e+00	2.64291711107634e+01	3.83194105715014e+01	1.01275025885781e+03	3.83194105715014e+01	1
11	20	18	19	3.00004712832207e-02	1.00000000000000e+00	0.00000000000000e+00	0.00000000000000e+00	4.70772855061077e+00	2.12740748900056e+02	1.00152569747511e+03	2.12740748900056e+02	1
12	21	13	14	3.00014563889668e-02	1.00000000000000e+00	0.00000000000000e+00	0.00000000000000e+00	1.16834104927983e+01	6.80470236054000e+01	7.95021309595025e+02	6.80470236054000e+01	1
12	21	14	15	3.00040596946949e-02	1.00000000000000e+00	0.00000000000000e+00	0.00000000000000e+00	3.04953682212244e+01	2.47002119905976e+01	7.53242059795575e+02	2.47002119905976e+01	1
12	21	15	16	3.00075881868162e-02	1.00000000000000e+00	0.00000000000000e+00	0.00000000000000e+00	5.89800265619797e+01	1.23923919282902e+01	7.30903605097017e+02	1.23923919282902e+01	1
12	21	16	17	3.00080192909273e-02	1.00000000000000e+00	0.00000000000000e+00	0.00000000000000e+00	6.94414205529414e+01	1.23877296727634e+01	8.60221545902516e+02	1.23877296727634e+01	1
12	21	17	18	3.00050767359321e-02	1.00000000000000e+00	0.00000000000000e+00	0.00000000000000e+00	4.81727219345969e+01	1.99087603458638e+01	9.59059176203826e+02	1.99087603458638e+01	1
12	21	18	19	3.00028268565177e-02	1.00000000000000e+00	0.00000000000000e+00	0.00000000000000e+00	2.77822087437220e+01	3.69435446262372e+01	1.02637326853913e+03	3.69435446262372e+01	1
12	21	19	20	3.00001056111467e-02	1.00000000000000e+00	0.00000000000000e+00	0.00000000000000e+00	1.05568843554357e+00	9.32147666036262e+02	9.84057511253410e+02	9.32147666036262e+02	1
22	31	23	24	3.00001047461727e-02	1.00000000000000e+00	0.00000000000000e+00	0.00000000000000e+00	1.04701957469799e+00	9.31532945248736e+02	9.75333228151496e+02	9.31532945248736e+02	1
22	31	24	25	3.00027709509952e-02	1.00000000000000e+00	0.00000000000000e+00	0.00000000000000e+00	2.72122927544310e+01	3.55454102233265e+01	9.67272109073505e+02	3.55454102233265e+01	1
22	31	25	26	3.00049899220954e-02	1.00000000000000e+00	0.00000000000000e+00	0.00000000000000e+00	4.72341224349624e+01	2.05908351205894e+01	9.72590027124042e+02	2.05908351205894e+01	1
22	31	26	27	3.00078215452286e-02	1.00000000000000e+00	0.00000000000000e+00	0.00000000000000e+00	6.73809506292209e+01	1.29113247461902e+01	8.69977335280879e+02	1.29113247461902e+01	1
22	31	27	28	3.00074535707388e-02	1.00000000000000e+00	0.00000000000000e+00	0.00000000000000e+00	5.73832048963210e+01	1.32031113645018e+01	7.57636844698153e+02	1.32031113645018e+01	1
22	31	28	29	3.00040563246269e-02	1.00000000000000e+00	0.00000000000000e+00	0.00000000000000e+00	3.00532495293690e+01	2.50325158457286e+01	7.52308445059565e+02	2.50325158457286e+01	1
22	31	29	30	3.00014572953911e-02	1.00000000000000e+00	0.00000000000000e+00	0.00000000000000e+00	1.15804699382328e+01	6.88201221316740e+01	7.96969355491359e+02	6.88201221316740e+01	1
23	32	24	25	3.00004709388268e-02	1.00000000000000e+00	0.00000000000000e+00	0.00000000000000e+00	4.70435956134243e+00	2.18512415466375e+02	1.02796097097127e+03	2.18512415466375e+02	1
23	32	25	26	3.00026107919319e-02	1.00000000000000e+00	0.00000000000000e+00	0.00000000000000e+00	2.58114887167960e+01	3.74957713908508e+01	9.67821680182508e+02	3.74957713908508e+01	1
23	32	26	27	3.00046658071158e-02	1.00000000000000e+00	0.00000000000000e+00	0.00000000000000e+00	4.47915091658200e+01	2.12218075505072e+01	9.50556787413810e+02	2.12218075505072e+01	1
23	32	27	28	3.00078015218069e-02	1.00000000000000e+00	0.00000000000000e+00	0.00000000000000e+00	6.78403543327915e+01	1.26671913612595e+01	8.59346750349119e+02	1.26671913612595e+01	1
23	32	28	29	3.00077231437444e-02	1.00000000000000e+00	0.00000000000000e+00	0.00000000000000e+00	5.73602419607871e+01	1.23794568671301e+01	7.10088641241707e+02	1.23794568671301e+01	1
23	32	29	30	3.00044824287262e-02	1.00000000000000e+00	0.00000000000000e+00	0.00000000000000e+00	3.00904429212131e+01	2.25075510906111e+01	6.77262181388321e+02	2.25075510906111e+01	1
23	32	30	31	3.00000737252992e-02	1.00000000000000e+00	0.00000000000000e+00	0.00000000000000e+00	7.26412165776341e-01	1.36700927380863e+03	9.93012167223673e+02	1.36700927380863e+03	1
24	33	25	26	3.00000834901596e-02	1.00000000000000e+00	0.00000000000000e+00	0.00000000000000e+00	8.35023439774372e-01	1.19792968238945e+03	1.00029936399666e+03	1.19792968238945e+03	1
24	33	26	27	3.00003348186868e-02	1.00000000000000e+00	0.00000000000000e+00	0.00000000000000e+00	3.34965396174411e+00	2.96567170988324e+02	9.93397399224281e+02	2.96567170988324e+02	1
24	33	27	28	3.00026343726894e-02	1.00000000000000e+00	0.00000000000000e+00	0.00000000000000e+00	2.62708636262762e+01	3.63477480980262e+01	9.54886733405487e+02	3.63477480980262e+01	1
24	33	28	29	3.00042152785095e-02	1.00000000000000e+00	0.00000000000000e+00	0.00000000000000e+00	4.04962440568219e+01	2.34238109046725e+01	9.48576363136464e+02	2.34238109046725e+01	1
24	33	29	30	3.00078896603718e-02	1.00000000000000e+00	0.00000000000000e+00	0.00000000000000e+00	5.94007965613288e+01	1.25444672388786e+01	7.45151346426882e+02	1.25444672388786e+01	1
24	33	30	31	3.00002635276383e-02	1.00000000000000e+00	0.00000000000000e+00	0.00000000000000e+00	2.54372658064944e+00	3.70333630614027e+02	9.42027499901312e+02	3.70333630614027e+02	1
24	33	31	32	3.00001005765276e-02	1.00000000000000e+00	0.00000000000000e+00	0.00000000000000e+00	9.82966470184442e-01	9.89456920151830e+02	9.72602976201213e+02	9.89456920151830e+02	1
25	34	26	27	3.00001148747890e-02	1.00000000000000e+00	0.00000000000000e+00	0.00000000000000e+00	1.14954177122012e+00	8.81065010562469e+02	1.01282103280206e+03	8.81065010562469e+02	1
25	34	27	28	3.00004579365089e-02	1.00000000000000e+00	0.00000000000000e+00	0.00000000000000e+00	4.59525115873616e+00	2.30727714492039e+02	1.06025179737209e+03	2.30727714492039e+02	1
25	34	28	29	3.00031040322358e-02	1.00000000000000e+00	0.00000000000000e+00	0.00000000000000e+00	3.17600876549858e+01	3.23849045347743e+01	1.02854740672278e+03	3.23849045347743e+01	1
25	34	29	30	3.00047982268310e-02	1.00000000000000e+00	0.00000000000000e+00	0.00000000000000e+00	4.66041816404408e+01	2.10020864583491e+01	9.78785052133142e+02	2.10020864583491e+01	1
25	34	30	31	3.00094875111877e-02	1.00000000000000e+00	0.00000000000000e+00	0.00000000000000e+00	5.66235659895249e+01	1.05166243969130e+01	5.95488775525649e+02	1.05166243969130e+01	1
25	34	31	32	3.00061133723888e-02	1.00000000000000e+00	0.00000000000000e+00	0.00000000000000e+00	3.00974355115558e+01	1.54157979171290e+01	4.63975983669966e+02	1.54157979171290e+01	1
25	34	32	33	3.00014684514581e-02	1.00000000000000e+00	0.00000000000000e+00	0.00000000000000e+00	1.15933696165855e+01	6.80447786871869e+01	7.88868269799317e+02	6.80447786871869e+01	1
26	35	27	28	3.00001156837608e-02	1.00000000000000e+00	0.00000000000000e+00	0.00000000000000e+00	1.15824955778691e+00	8.65987504168265e+02	1.00302964375188e+03	8.65987504168265e+02	1
26	35	28	29	3.00004629214241e-02	1.00000000000000e+00	0.00000000000000e+00	0.00000000000000e+00	4.65966777878761e+00	2.31982869617641e+02	1.08096310278801e+03	2.31982869617641e+02	1
26	35	29	30	3.00034127668582e-02	1.00000000000000e+00	0.00000000000000e+00	0.00000000000000e+00	3.52610231296744e+01	2.91326233491623e+01	1.02724610574291e+03	2.91326233491623e+01	1
26	35	30	31	3.00047032859962e-02	1.00000000000000e+00	0.00000000000000e+00	0.00000000000000e+00	3.98002024408549e+01	2.14541033511858e+01	8.53877656564218e+02	2.14541033511858e+01	1
26	35	31	32	3.00163175110175e-02	1.00000000000000e+00	0.00000000000000e+00	0.00000000000000e+00	5.86380682281323e+01	6.12200034324546e+00	3.58982273819877e+02	6.12200034324546e+00	1
26	35	32	33	3.00047204536230e-02	1.00000000000000e+00	0.00000000000000e+00	0.00000000000000e+00	3.01099380455275e+01	2.04415553937926e+01	6.15493966461312e+02	2.04415553937926e+01	1
26	35	33	34	3.00000666424818e-02	1.00000000000000e+00	0.00000000000000e+00	0.00000000000000e+00	6.66224465145654e-01	1.55199015999706e+03	1.03397381425536e+03	1.55199015999706e+03	1
27	36	28	29	3.00001159789649e-02	1.00000000000000e+00	0.00000000000000e+00	0.00000000000000e+00	1.16248883028525e+00	8.81675465388858e+02	1.02493788045109e+03	8.81675465388858e+02	1
27	36	29	30	3.00004757495673e-02	1.00000000000000e+00	0.00000000000000e+00	0.00000000000000e+00	4.80532148344349e+00	2.15182819919069e+02	1.03402262742505e+03	2.15182819919069e+02	1
27	36	30	31	3.00021867928298e-02	1.00000000000000e+00	0.00000000000000e+00	0.00000000000000e+00	2.07903077367351e+01	4.44814147204760e+01	9.24782300604034e+02	4.44814147204760e+01	1
27	36	31	32	3.00159617219155e-02	1.00000000000000e+00	0.00000000000000e+00	0.00000000000000e+00	6.70152363906453e+01	6.52878320935859e+00	4.37527950118441e+02	6.52878320935859e+00	1
27	36	32	33	3.00122656835664e-02	1.00000000000000e+00	0.00000000000000e+00	0.00000000000000e+00	5.84714305573155e+01	7.80981563948315e+00	4.56651092829476e+02	7.80981563948315e+00	1
27	36	33	34	3.00003023406739e-02	1.00000000000000e+00	0.00000000000000e+00	0.00000000000000e+00	3.00963035233308e+00	3.36575915249057e+02	1.01296909039785e+03	3.36575915249057e+02	1
27	36	34	35	3.00001281426906e-02	1.00000000000000e+00	0.00000000000000e+00	0.00000000000000e+00	1.28766733682590e+00	8.31661911258960e+02	1.07090387841036e+03	8.31661911258960e+02	1
28	37	29	30	3.00001281426906e-02	1.00000000000000e+00	0.00000000000000e+00	0.00000000000000e+00	1.28766733682589e+00	7.57190112882775e+02	9.75008976126655e+02	7.57190112882775e+02	1
28	37	30	31	3.00003023406739e-02	1.00000000000000e+00	0.00000000000000e+00	0.00000000000000e+00	3.00963035233317e+00	3.25133527129394e+02	9.78531731809765e+02	3.25133527129394e+02	1
28	37	31	32	3.00122656835664e-02	1.00000000000000e+00	0.00000000000000e+00	0.00000000000000e+00	5.84714305573247e+01	8.17721048989054e+00	4.78133195312261e+02	8.17721048989054e+00	1
28	37	32	33	3.00159617219155e-02	1.00000000000000e+00	0.00000000000000e+00	0.00000000000000e+00	6.70152363906632e+01	6.17030981528672e+00	4.13504770875069e+02	6.17030981528672e+00	1
28	37	33	34	3.00021867928298e-02	1.00000000000000e+00	0.00000000000000e+00	0.00000000000000e+00	2.07903077367280e+01	4.36016019935689e+01	9.06490723260630e+02	4.36016019935689e+01	1
28	37	34	35	3.00004757495673e-02	1.00000000000000e+00	0.00000000000000e+00	0.00000000000000e+00	4.80532148344410e+00	2.10626974917972e+02	1.01213032756617e+03	2.10626974917972e+02	1
28	37	35	36	3.00001159789649e-02	1.00000000000000e+00	0.00000000000000e+00	0.00000000000000e+00	1.16248883028536e+00	8.34746858230568e+02	9.70383898808832e+02	8.34746858230568e+02	1
29	38	30	31	3.00000666424818e-02	1.00000000000000e+00	0.00000000000000e+00	0.00000000000000e+00	6.66224465145708e-01	1.52186379681232e+03	1.01390289405590e+03	1.52186379681232e+03	1
29	38	31	32	3.00047204536230e-02	1.00000000000000e+00	0.00000000000000e+00	0.00000000000000e+00	3.01099380455343e+01	2.05999891226226e+01	6.20264396220848e+02	2.05999891226226e+01	1
29	38	32	33	3.00163175110176e-02	1.00000000000000e+00	0.00000000000000e+00	0.00000000000000e+00	5.86380682281262e+01	6.41349849307400e+00	3.76075162217858e+02	6.41349849307400e+00	1
29	38	33	34	3.00047032859962e-02	1.00000000000000e+00	0.00000000000000e+00	0.00000000000000e+00	3.98002024408591e+01	2.07620527042231e+01	8.26333900715867e+02	2.07620527042231e+01	1
29	38	34	35	3.00034127668582e-02	1.00000000000000e+00	0.00000000000000e+00	0.00000000000000e+00	3.52610231296871e+01	2.90185968321979e+01	1.02322541409119e+03	2.90185968321979e+01	1
29	38	35	36	3.00004629214241e-02	1.00000000000000e+00	0.00000000000000e+00	0.00000000000000e+00	4.65966777878777e+00	2.21291528069825e+02	1.03114500306568e+03	2.21291528069825e+02	1
29	38	36	37	3.00001156837608e-02	1.00000000000000e+00	0.00000000000000e+00	0.00000000000000e+00	1.15824955778699e+00	8.32505721706100e+02	9.64249384021227e+02	8.32505721706100e+02	1
30	39	31	32	3.00014684514581e-02	1.00000000000000e+00	0.00000000000000e+00	0.00000000000000e+00	1.15933696165871e+01	6.85636645657573e+01	7.94883905578520e+02	6.85636645657573e+01	1
30	39	32	33	3.00061133723888e-02	1.00000000000000e+00	0.00000000000000e+00	0.00000000000000e+00	3.00974355115574e+01	1.69991652329330e+01	5.11631279348508e+02	1.69991652329330e+01	1
30	39	33	34	3.00094875111877e-02	1.00000000000000e+00	0.00000000000000e+00	0.00000000000000e+00	5.66235659895306e+01	1.00317167813432e+01	5.68031577156669e+02	1.00317167813432e+01	1
30	39	34	35	3.00047982268310e-02	1.00000000000000e+00	0.00000000000000e+00	0.00000000000000e+00	4.66041816404447e+01	2.09564894927856e+01	9.76660042867850e+02	2.09564894927856e+01	1
30	39	35	36	3.00031040322358e-02	1.00000000000000e+00	0.00000000000000e+00	0.00000000000000e+00	3.17600876549853e+01	3.24673590339754e+01	1.03116616884494e+03	3.24673590339754e+01	1
30	39	36	37	3.00004579365089e-02	1.00000000000000e+00	0.00000000000000e+00	0.00000000000000e+00	4.59525115873660e+00	2.23492782144847e+02	1.02700546612038e+03	2.23492782144847e+02	1
30	39	37	38	3.00001148747890e-02	1.00000000000000e+00	0.00000000000000e+00	0.00000000000000e+00	1.14954177122009e+00	8.38209449342011e+02	9.63556775050035e+02	8.38209449342011e+02	1
31	40	32	33	3.00001005765276e-02	1.00000000000000e+00	0.00000000000000e+00	0.00000000000000e+00	9.82966470184419e-01	9.54881016154900e+02	9.38616021895893e+02	9.54881016154900e+02	1
31	40	33	34	3.00002635276383e-02	1.00000000000000e+00	0.00000000000000e+00	0.00000000000000e+00	2.54372658064942e+00	3.85408677115065e+02	9.80374296390520e+02	3.85408677115065e+02	1
31	40	34	35	3.00078896603718e-02	1.00000000000000e+00	0.00000000000000e+00	0.00000000000000e+00	5.94007965613304e+01	1.27877733103880e+01	7.59603920882768e+02	1.27877733103880e+01	1
31	40	35	36	3.00042152785095e-02	1.00000000000000e+00	0.00000000000000e+00	0.00000000000000e+00	4.04962440568284e+01	2.39015248726633e+01	9.67921984573730e+02	2.39015248726633e+01	1
31	40	36	37	3.00026343726895e-02	1.00000000000000e+00	0.00000000000000e+00	0.00000000000000e+00	2.62708636262775e+01	3.83542679061196e+01	1.00759974164738e+03	3.83542679061196e+01	1
31	40	37	38	3.00003348186868e-02	1.00000000000000e+00	0.00000000000000e+00	0.00000000000000e+00	3.34965396174362e+00	2.92575972972061e+02	9.80028266976858e+02	2.92575972972061e+02	1
31	40	38	39	3.00000834901596e-02	1.00000000000000e+00	0.00000000000000e+00	0.00000000000000e+00	8.35023439774367e-01	1.20609139415217e+03	1.00711458462720e+03	1.20609139415217e+03	1
32	41	33	34	3.00000737252992e-02	1.00000000000000e+00	0.00000000000000e+00	0.00000000000000e+00	7.26412165776358e-01	1.36831210798387e+03	9.93958561818577e+02	1.36831210798387e+03	1
32	41	34	35	3.00044824287262e-02	1.00000000000000e+00	0.00000000000000e+00	0.00000000000000e+00	3.00904429212111e+01	2.18311615244757e+01	6.56909319755976e+02	2.18311615244757e+01	1
32	41	35	36	3.00077231437443e-02	1.00000000000000e+00	0.00000000000000e+00	0.00000000000000e+00	5.73602419607724e+01	1.36730284963832e+01	7.84288222889077e+02	1.36730284963832e+01	1
32	41	36	37	3.00078015218070e-02	1.00000000000000e+00	0.00000000000000e+00	0.00000000000000e+00	6.78403543327936e+01	1.30002672471043e+01	8.81942736464566e+02	1.30002672471043e+01	1
32	41	37	38	3.00046658071158e-02	1.00000000000000e+00	0.00000000000000e+00	0.00000000000000e+00	4.47915091658253e+01	2.06664208948989e+01	9.25680180938669e+02	2.06664208948989e+01	1
32	41	38	39	3.00026107919319e-02	1.00000000000000e+00	0.00000000000000e+00	0.00000000000000e+00	2.58114887168007e+01	3.90570504653848e+01	1.00812061739880e+03	3.90570504653848e+01	1
32	41	39	40	3.00004709388268e-02	1.00000000000000e+00	0.00000000000000e+00	0.00000000000000e+00	4.70435956134227e+00	2.06132736474517e+02	9.69722509739541e+02	2.06132736474517e+02	1
33	42	34	35	3.00014572953911e-02	1.00000000000000e+00	0.00000000000000e+00	0.00000000000000e+00	1.15804699382313e+01	7.02406451980912e+01	8.13419680158465e+02	7.02406451980912e+01	1
33	42	35	36	3.00040563246269e-02	1.00000000000000e+00	0.00000000000000e+00	0.00000000000000e+00	3.00532495293750e+01	2.55098558965464e+01	7.66654064717306e+02	2.55098558965464e+01	1
33	42	36	37	3.00074535707389e-02	1.00000000000000e+00	0.00000000000000e+00	0.00000000000000e+00	5.73832048963064e+01	1.30859885497376e+01	7.50915962220311e+02	1.30859885497376e+01	1
33	42	37	38	3.00078215452285e-02	1.00000000000000e+00	0.00000000000000e+00	0.00000000000000e+00	6.73809506292169e+01	1.31548023939875e+01	8.86383090646375e+02	1.31548023939875e+01	1
33	42	38	39	3.00049899220955e-02	1.00000000000000e+00	0.00000000000000e+00	0.00000000000000e+00	4.72341224349693e+01	2.02886030720181e+01	9.58314361538197e+02	2.02886030720181e+01	1
33	42	39	40	3.00027709509952e-02	1.00000000000000e+00	0.00000000000000e+00	0.00000000000000e+00	2.72122927544326e+01	3.69787875876141e+01	1.00627759353814e+03	3.69787875876141e+01	1
33	42	40	41	3.00001047461727e-02	1.00000000000000e+00	0.00000000000000e+00	0.00000000000000e+00	1.04701957469801e+00	1.00901442153838e+03	1.05645785050327e+03	1.00901442153838e+03	1
43	52	44	45	3.00001049531700e-02	1.00000000000000e+00	0.00000000000000e+00	0.00000000000000e+00	1.04908008331365e+00	9.45791662072097e+02	9.92211195643955e+02	9.45791662072097e+02	1
43	52	45	46	3.00027595816509e-02	1.00000000000000e+00	0.00000000000000e+00	0.00000000000000e+00	2.70940506609705e+01	3.54178987515703e+01	9.59614343080167e+02	3.54178987515703e+01	1
43	52	46	47	3.00049723318486e-02	1.00000000000000e+00	0.00000000000000e+00	0.00000000000000e+00	4.70328990695485e+01	1.95745210455029e+01	9.20646472667892e+02	1.95745210455029e+01	1
43	52	47	48	3.00077581505611e-02	1.00000000000000e+00	0.00000000000000e+00	0.00000000000000e+00	6.67619219692548e+01	1.25741225899760e+01	8.39472591183824e+02	1.25741225899760e+01	1
43	52	48	49	3.00074018160640e-02	1.00000000000000e+00	0.00000000000000e+00	0.00000000000000e+00	5.68953184612779e+01	1.34789404303389e+01	7.66888608304728e+02	1.34789404303389e+01	1
43	52	49	50	3.00040585059420e-02	1.00000000000000e+00	0.00000000000000e+00	0.00000000000000e+00	2.99813371501756e+01	2.48918187690281e+01	7.46290010795300e+02	2.48918187690281e+01	1
43	52	50	51	3.00014557481160e-02	1.00000000000000e+00	0.00000000000000e+00	0.00000000000000e+00	1.15535039409306e+01	6.92634333993350e+01	8.00235350741601e+02	6.92634333993350e+01	1
44	53	45	46	3.00004739421521e-02	1.00000000000000e+00	0.00000000000000e+00	0.00000000000000e+00	4.73435932251418e+00	2.16232273261465e+02	1.02372127874385e+03	2.16232273261465e+02	1
44	53	46	47	3.00025961223497e-02	1.00000000000000e+00	0.00000000000000e+00	0.00000000000000e+00	2.56687983895561e+01	3.85340117199835e+01	9.89121777981048e+02	3.85340117199835e+01	1
44	53	47	48	3.00046507341262e-02	1.00000000000000e+00	0.00000000000000e+00	0.00000000000000e+00	4.46532459721133e+01	2.24397429308346e+01	1.00200736064155e+03	2.24397429308346e+01	1
44	53	48	49	3.00077160119051e-02	1.00000000000000e+00	0.00000000000000e+00	0.00000000000000e+00	6.71880686647693e+01	1.28571374060254e+01	8.63846230868405e+02	1.28571374060254e+01	1
44	53	49	50	3.00076461318716e-02	1.00000000000000e+00	0.00000000000000e+00	0.00000000000000e+00	5.68965528551044e+01	1.41460530885128e+01	8.04861657241684e+02	1.41460530885128e+01	1
44	53	50	51	3.00044781700900e-02	1.00000000000000e+00	0.00000000000000e+00	0.00000000000000e+00	3.00030170617720e+01	2.27497571956124e+01	6.82561353291131e+02	2.27497571956124e+01	1
44	53	51	52	3.00000739130528e-02	1.00000000000000e+00	0.00000000000000e+00	0.00000000000000e+00	7.28139018658353e-01	1.31815041124692e+03	9.59796746889438e+02	1.31815041124692e+03	1
45	54	46	47	3.00000835992472e-02	1.00000000000000e+00	0.00000000000000e+00	0.00000000000000e+00	8.36126661654519e-01	1.15775341041065e+03	9.68028494065790e+02	1.15775341041065e+03	1
45	54	47	48	3.00003373435500e-02	1.00000000000000e+00	0.00000000000000e+00	0.00000000000000e+00	3.37522360866071e+00	3.00724390690524e+02	1.01501206315877e+03	3.00724390690524e+02	1
45	54	48	49	3.00026149066229e-02	1.00000000000000e+00	0.00000000000000e+00	0.00000000000000e+00	2.61051442422519e+01	3.79858891862265e+01	9.91627116376640e+02	3.79858891862265e+01	1
45	54	49	50	3.00042054223195e-02	1.00000000000000e+00	0.00000000000000e+00	0.00000000000000e+00	4.04926161759142e+01	2.42882388475280e+01	9.83494333241880e+02	2.42882388475280e+01	1
45	54	50	51	3.00077860509850e-02	1.00000000000000e+00	0.00000000000000e+00	0.00000000000000e+00	5.88009452733989e+01	1.30258691517495e+01	7.65933419130475e+02	1.30258691517495e+01	1
45	54	51	52	3.00002656891721e-02	1.00000000000000e+00	0.00000000000000e+00	0.00000000000000e+00	2.56265761665786e+00	3.75557312027256e+02	9.62424806158197e+02	3.75557312027256e+02	1
45	54	52	53	3.00001006339851e-02	1.00000000000000e+00	0.00000000000000e+00	0.00000000000000e+00	9.83236132417313e-01	9.68456234763533e+02	9.52221162684329e+02	9.68456234763533e+02	1
46	55	47	48	3.00001149370067e-02	1.00000000000000e+00	0.00000000000000e+00	0.00000000000000e+00	1.15021290685046e+00	8.30502235027129e+02	9.55254389896361e+02	8.30502235027129e+02	1
46	55	48	49	3.00004609433462e-02	1.00000000000000e+00	0.00000000000000e+00	0.00000000000000e+00	4.62676364121719e+00	2.14040261959086e+02	9.90313701788900e+02	2.14040261959086e+02	1
46	55	49	50	3.00030742827983e-02	1.00000000000000e+00	0.00000000000000e+00	0.00000000000000e+00	3.15298374903816e+01	3.33637034696548e+01	1.05195214847550e+03	3.33637034696548e+01	1
46	55	50	51	3.00047788327211e-02	1.00000000000000e+00	0.00000000000000e+00	0.00000000000000e+00	4.65162237298255e+01	2.10600348280342e+01	9.79633291818758e+02	2.10600348280342e+01	1
46	55	51	52	3.00094617459009e-02	1.00000000000000e+00	0.00000000000000e+00	0.00000000000000e+00	5.61197713446289e+01	1.01737677153175e+01	5.70949517896985e+02	1.01737677153175e+01	1
46	55	52	53	3.00061926991703e-02	1.00000000000000e+00	0.00000000000000e+00	0.00000000000000e+00	3.00154372399150e+01	1.62319607748961e+01	4.87209399919655e+02	1.62319607748961e+01	1
46	55	53	54	3.00014714008799e-02	1.00000000000000e+00	0.00000000000000e+00	0.00000000000000e+00	1.15680271608548e+01	6.87480959234451e+01	7.95279840899465e+02	6.87480959234451e+01	1
47	56	48	49	3.00001157469857e-02	1.00000000000000e+00	0.00000000000000e+00	0.00000000000000e+00	1.15895809244546e+00	8.41044947208461e+02	9.74735847677607e+02	8.41044947208461e+02	1
47	56	49	50	3.00004658594750e-02	1.00000000000000e+00	0.00000000000000e+00	0.00000000000000e+00	4.69124747581686e+00	2.15646966231396e+02	1.01165328600060e+03	2.15646966231396e+02	1
47	56	50	51	3.00033754811770e-02	1.00000000000000e+00	0.00000000000000e+00	0.00000000000000e+00	3.49328673374804e+01	2.96771454348733e+01	1.03670778443154e+03	2.96771454348733e+01	1
47	56	51	52	3.00047223954326e-02	1.00000000000000e+00	0.00000000000000e+00	0.00000000000000e+00	3.97848336965007e+01	2.04494838961060e+01	8.13579315985847e+02	2.04494838961060e+01	1
47	56	52	53	3.00165948089446e-02	1.00000000000000e+00	0.00000000000000e+00	0.00000000000000e+00	5.81323717299558e+01	6.09069716679873e+00	3.54066671794932e+02	6.09069716679873e+00	1
47	56	53	54	3.00047669501912e-02	1.00000000000000e+00	0.00000000000000e+00	0.00000000000000e+00	3.00349566452268e+01	2.13307496036562e+01	6.40668139556002e+02	2.13307496036562e+01	1
47	56	54	55	3.00000668247596e-02	1.00000000000000e+00	0.00000000000000e+00	0.00000000000000e+00	6.67991449072036e-01	1.54507343701754e+03	1.03209584411606e+03	1.54507343701754e+03	1
48	57	49	50	3.00001160335857e-02	1.00000000000000e+00	0.00000000000000e+00	0.00000000000000e+00	1.16314787202039e+00	8.89065159845819e+02	1.03411424876213e+03	8.89065159845819e+02	1
48	57	50	51	3.00004789445030e-02	1.00000000000000e+00	0.00000000000000e+00	0.00000000000000e+00	4.83935824459210e+00	2.00162910974234e+02	9.68660033484712e+02	2.00162910974234e+02	1
48	57	51	52	3.00021847995008e-02	1.00000000000000e+00	0.00000000000000e+00	0.00000000000000e+00	2.07350707402615e+01	4.44829468105021e+01	9.22357048851051e+02	4.44829468105021e+01	1
48	57	52	53	3.00162031504090e-02	1.00000000000000e+00	0.00000000000000e+00	0.00000000000000e+00	6.64437429073237e+01	6.26704916994904e+00	4.16406203835650e+02	6.26704916994904e+00	1
48	57	53	54	3.00123931527561e-02	1.00000000000000e+00	0.00000000000000e+00	0.00000000000000e+00	5.79594249901866e+01	8.19339490073812e+00	4.74884457164309e+02	8.19339490073812e+00	1
48	57	54	55	3.00003045732525e-02	1.00000000000000e+00	0.00000000000000e+00	0.00000000000000e+00	3.03086285022694e+00	3.33401432706533e+02	1.01049401660267e+03	3.33401432706533e+02	1
48	57	55	56	3.00001280752637e-02	1.00000000000000e+00	0.00000000000000e+00	0.00000000000000e+00	1.28710924503739e+00	8.71036612532919e+02	1.12111927675717e+03	8.71036612532919e+02	1
49	58	50	51	3.00001280752637e-02	1.00000000000000e+00	0.00000000000000e+00	0.00000000000000e+00	1.28710924503746e+00	7.94163337475183e+02	1.02217497373411e+03	7.94163337475183e+02	1
49	58	51	52	3.00003045732525e-02	1.00000000000000e+00	0.00000000000000e+00	0.00000000000000e+00	3.03086285022700e+00	3.39513501792401e+02	1.02901885973307e+03	3.39513501792401e+02	1
49	58	52	53	3.00123931527561e-02	1.00000000000000e+00	0.00000000000000e+00	0.00000000000000e+00	5.79594249902060e+01	8.30000159148678e+00	4.81063319660369e+02	8.30000159148678e+00	1
49	58	53	54	3.00162031504087e-02	1.00000000000000e+00	0.00000000000000e+00	0.00000000000000e+00	6.64437429073609e+01	6.29230900419528e+00	4.18084561768423e+02	6.29230900419528e+00	1
49	58	54	55	3.00021847995008e-02	1.00000000000000e+00	0.00000000000000e+00	0.00000000000000e+00	2.07350707402541e+01	4.53378551904823e+01	9.40083634586046e+02	4.53378551904823e+01	1
49	58	55	56	3.00004789445030e-02	1.00000000000000e+00	0.00000000000000e+00	0.00000000000000e+00	4.83935824459235e+00	2.13546545316892e+02	1.03342823468352e+03	2.13546545316892e+02	1
49	58	56	57	3.00001160335857e-02	1.00000000000000e+00	0.00000000000000e+00	0.00000000000000e+00	1.16314787202040e+00	8.41838290457258e+02	9.79182416130649e+02	8.41838290457258e+02	1
50	59	51	52	3.00000668247596e-02	1.00000000000000e+00	0.00000000000000e+00	0.00000000000000e+00	6.67991449072053e-01	1.48581967547094e+03	9.92514838077603e+02	1.48581967547094e+03	1
50	59	52	53	3.00047669501912e-02	1.00000000000000e+00	0.00000000000000e+00	0.00000000000000e+00	3.00349566452207e+01	2.06722692777087e+01	6.20890711514311e+02	2.06722692777087e+01	1
50	59	53	54	3.00165948089447e-02	1.00000000000000e+00	0.00000000000000e+00	0.00000000000000e+00	5.81323717299948e+01	6.04079014230980e+00	3.51165458095642e+02	6.04079014230980e+00	1
50	59	54	55	3.00047223954326e-02	1.00000000000000e+00	0.00000000000000e+00	0.00000000000000e+00	3.97848336964958e+01	2.26463603691432e+01	9.00981681117273e+02	2.26463603691432e+01	1
50	59	55	56	3.00033754811770e-02	1.00000000000000e+00	0.00000000000000e+00	0.00000000000000e+00	3.49328673374815e+01	2.79656645022611e+01	9.76920848062002e+02	2.79656645022611e+01	1
50	59	56	57	3.00004658594750e-02	1.00000000000000e+00	0.00000000000000e+00	0.00000000000000e+00	4.69124747581646e+00	2.19076391085002e+02	1.02774156668850e+03	2.19076391085002e+02	1
50	59	57	58	3.00001157469857e-02	1.00000000000000e+00	0.00000000000000e+00	0.00000000000000e+00	1.15895809244554e+00	8.22153882975242e+02	9.52841895909677e+02	8.22153882975242e+02	1
51	60	52	53	3.00014714008799e-02	1.00000000000000e+00	0.00000000000000e+00	0.00000000000000e+00	1.15680271608558e+01	6.70001875816032e+01	7.75059989726421e+02	6.70001875816032e+01	1
51	60	53	54	3.00061926991703e-02	1.00000000000000e+00	0.00000000000000e+00	0.00000000000000e+00	3.00154372399154e+01	1.66756891147300e+01	5.00528100055519e+02	1.66756891147300e+01	1
51	60	54	55	3.00094617459008e-02	1.00000000000000e+00	0.00000000000000e+00	0.00000000000000e+00	5.61197713445981e+01	1.05892614246212e+01	5.94266929857916e+02	1.05892614246212e+01	1
51	60	55	56	3.00047788327211e-02	1.00000000000000e+00	0.00000000000000e+00	0.00000000000000e+00	4.65162237298505e+01	2.02489302883636e+01	9.41903771583669e+02	2.02489302883636e+01	1
51	60	56	57	3.00030742827983e-02	1.00000000000000e+00	0.00000000000000e+00	0.00000000000000e+00	3.15298374903728e+01	3.18298202826030e+01	1.00358906085824e+03	3.18298202826030e+01	1
51	60	57	58	3.00004609433462e-02	1.00000000000000e+00	0.00000000000000e+00	0.00000000000000e+00	4.62676364121771e+00	2.21369557497269e+02	1.02422461990082e+03	2.21369557497269e+02	1
51	60	58	59	3.00001149370067e-02	1.00000000000000e+00	0.00000000000000e+00	0.00000000000000e+00	1.15021290685057e+00	8.50978240658102e+02	9.78806155853939e+02	8.50978240658102e+02	1
52	61	53	54	3.00001006339851e-02	1.00000000000000e+00	0.00000000000000e+00	0.00000000000000e+00	9.83236132417359e-01	1.00015295847859e+03	9.83386526720272e+02	1.00015295847859e+03	1
52	61	54	55	3.00002656891721e-02	1.00000000000000e+00	0.00000000000000e+00	0.00000000000000e+00	2.56265761665787e+00	3.76894232913325e+02	9.65850876649758e+02	3.76894232913325e+02	1
52	61	55	56	3.00077860509850e-02	1.00000000000000e+00	0.00000000000000e+00	0.00000000000000e+00	5.88009452733866e+01	1.25923516050963e+01	7.40442177594509e+02	1.25923516050963e+01	1
52	61	56	57	3.00042054223194e-02	1.00000000000000e+00	0.00000000000000e+00	0.00000000000000e+00	4.04926161759186e+01	2.53084531831361e+01	1.02480548075094e+03	2.53084531831361e+01	1
52	61	57	58	3.00026149066229e-02	1.00000000000000e+00	0.00000000000000e+00	0.00000000000000e+00	2.61051442422595e+01	3.89696220650940e+01	1.01730760507562e+03	3.89696220650940e+01	1
52	61	58	59	3.00003373435500e-02	1.00000000000000e+00	0.00000000000000e+00	0.00000000000000e+00	3.37522360866112e+00	2.78423891395757e+02	9.39742891454258e+02	2.78423891395757e+02	1
52	61	59	60	3.00000835992472e-02	1.00000000000000e+00	0.00000000000000e+00	0.00000000000000e+00	8.36126661654553e-01	1.20287404338473e+03	1.00575505828619e+03	1.20287404338473e+03	1
53	62	54	55	3.00000739130528e-02	1.00000000000000e+00	0.00000000000000e+00	0.00000000000000e+00	7.28139018658327e-01	1.32608019761737e+03	9.65570733755349e+02	1.32608019761737e+03	1
53	62	55	56	3.00044781700900e-02	1.00000000000000e+00	0.00000000000000e+00	0.00000000000000e+00	3.00030170617764e+01	2.29016941468359e+01	6.87119920231103e+02	2.29016941468359e+01	1
53	62	56	57	3.00076461318716e-02	1.00000000000000e+00	0.00000000000000e+00	0.00000000000000e+00	5.68965528550914e+01	1.27674794853952e+01	7.26425571367086e+02	1.27674794853952e+01	1
53	62	57	58	3.00077160119051e-02	1.00000000000000e+00	0.00000000000000e+00	0.00000000000000e+00	6.71880686648094e+01	1.29154417295020e+01	8.67763585758122e+02	1.29154417295020e+01	1
53	62	58	59	3.00046507341262e-02	1.00000000000000e+00	0.00000000000000e+00	0.00000000000000e+00	4.46532459721284e+01	2.18277789997220e+01	9.74681184699845e+02	2.18277789997220e+01	1
53	62	59	60	3.00025961223497e-02	1.00000000000000e+00	0.00000000000000e+00	0.00000000000000e+00	2.56687983895564e+01	3.95195127663157e+01	1.01441840565206e+03	3.95195127663157e+01	1
53	62	60	61	3.00004739421521e-02	1.00000000000000e+00	0.00000000000000e+00	0.00000000000000e+00	4.73435932251407e+00	2.03398354540131e+02	9.62960896001089e+02	2.03398354540131e+02	1
54	63	55	56	3.00014557481160e-02	1.00000000000000e+00	0.00000000000000e+00	0.00000000000000e+00	1.15535039409300e+01	6.80038301345881e+01	7.85682519458299e+02	6.80038301345881e+01	1
54	63	56	57	3.00040585059420e-02	1.00000000000000e+00	0.00000000000000e+00	0.00000000000000e+00	2.99813371501696e+01	2.42884876154711e+01	7.28201336067159e+02	2.42884876154711e+01	1
54	63	57	58	3.00074018160640e-02	1.00000000000000e+00	0.00000000000000e+00	0.00000000000000e+00	5.68953184612808e+01	1.32453343709734e+01	7.53597517162681e+02	1.32453343709734e+01	1
54	63	58	59	3.00077581505611e-02	1.00000000000000e+00	0.00000000000000e+00	0.00000000000000e+00	6.67619219692370e+01	1.35725301485038e+01	9.06128198699526e+02	1.35725301485038e+01	1
54	63	59	60	3.00049723318486e-02	1.00000000000000e+00	0.00000000000000e+00	0.00000000000000e+00	4.70328990695760e+01	2.03556700529485e+01	9.57386175093918e+02	2.03556700529485e+01	1
54	63	60	61	3.00027595816509e-02	1.00000000000000e+00	0.00000000000000e+00	0.00000000000000e+00	2.70940506609679e+01	3.48665168704948e+01	9.44675174460678e+02	3.48665168704948e+01	1
54	63	61	62	3.00001049531700e-02	1.00000000000000e+00	0.00000000000000e+00	0.00000000000000e+00	1.04908008331368e+00	9.79042324233757e+02	1.02709380307476e+03	9.79042324233757e+02	1
64	73	65	66	3.00001057608525e-02	1.00000000000000e+00	0.00000000000000e+00	0.00000000000000e+00	1.05715696449131e+00	1.00572649031629e+03	1.06321076361126e+03	1.00572649031629e+03	1
64	73	66	67	3.00027901372219e-02	1.00000000000000e+00	0.00000000000000e+00	0.00000000000000e+00	2.73964666894198e+01	3.69507574914813e+01	1.01232019676419e+03	3.69507574914813e+01	1
64	73	67	68	3.00049750251075e-02	1.00000000000000e+00	0.00000000000000e+00	0.00000000000000e+00	4.70967925260171e+01	1.91840507636422e+01	9.03507258623837e+02	1.91840507636422e+01	1
64	73	68	69	3.00078289710437e-02	1.00000000000000e+00	0.00000000000000e+00	0.00000000000000e+00	6.74250568088453e+01	1.25874675134724e+01	8.48710712175374e+02	1.25874675134724e+01	1
64	73	69	70	3.00074625701688e-02	1.00000000000000e+00	0.00000000000000e+00	0.00000000000000e+00	5.74273271684653e+01	1.39096419250002e+01	7.98793557623189e+02	1.39096419250002e+01	1
64	73	70	71	3.00040443063972e-02	1.00000000000000e+00	0.00000000000000e+00	0.00000000000000e+00	2.99862006106256e+01	2.42011103478963e+01	7.25699349891907e+02	2.42011103478963e+01	1
64	73	71	72	3.00014632565831e-02	1.00000000000000e+00	0.00000000000000e+00	0.00000000000000e+00	1.16213958985132e+01	6.92506867195922e+01	8.04789646612288e+02	6.92506867195922e+01	1
65	74	66	67	3.00004694806160e-02	1.00000000000000e+00	0.00000000000000e+00	0.00000000000000e+00	4.68978787903760e+00	2.17951359544663e+02	1.02214564421232e+03	2.17951359544663e+02	1
65	74	67	68	3.00026398265055e-02	1.00000000000000e+00	0.00000000000000e+00	0.00000000000000e+00	2.60942414034449e+01	3.68277853449517e+01	9.60993121145418e+02	3.68277853449517e+01	1
65	74	68	69	3.00046493718710e-02	1.00000000000000e+00	0.00000000000000e+00	0.00000000000000e+00	4.46355653553467e+01	2.14698671186878e+01	9.58319656946800e+02	2.14698671186878e+01	1
65	74	69	70	3.00078146578181e-02	1.00000000000000e+00	0.00000000000000e+00	0.00000000000000e+00	6.79251564738371e+01	1.15518384991498e+01	7.84660437615243e+02	1.15518384991498e+01	1
65	74	70	71	3.00077308195341e-02	1.00000000000000e+00	0.00000000000000e+00	0.00000000000000e+00	5.73923378992359e+01	1.25376158002856e+01	7.19563082460790e+02	1.25376158002856e+01	1
65	74	71	72	3.00044683079741e-02	1.00000000000000e+00	0.00000000000000e+00	0.00000000000000e+00	3.00311993200071e+01	2.22102378050744e+01	6.67000078468947e+02	2.22102378050744e+01	1
65	74	72	73	3.00000744966029e-02	1.00000000000000e+00	0.00000000000000e+00	0.00000000000000e+00	7.33923657994185e-01	1.29209436944616e+03	9.48298626097616e+02	1.29209436944616e+03	1
66	75	67	68	3.00000845796889e-02	1.00000000000000e+00	0.00000000000000e+00	0.00000000000000e+00	8.45921213913662e-01	1.24021794249446e+03	1.04912666743242e+03	1.24021794249446e+03	1
66	75	68	69	3.00003335375469e-02	1.00000000000000e+00	0.00000000000000e+00	0.00000000000000e+00	3.33681353907007e+00	2.86952785536848e+02	9.57507939853225e+02	2.86952785536848e+02	1
66	75	69	70	3.00026896278866e-02	1.00000000000000e+00	0.00000000000000e+00	0.00000000000000e+00	2.68185320488627e+01	3.66889965244619e+01	9.83945029131895e+02	3.66889965244619e+01	1
66	75	70	71	3.00041905903155e-02	1.00000000000000e+00	0.00000000000000e+00	0.00000000000000e+00	4.02627587750555e+01	2.39565953631118e+01	9.64558620176584e+02	2.39565953631118e+01	1
66	75	71	72	3.00079399586546e-02	1.00000000000000e+00	0.00000000000000e+00	0.00000000000000e+00	5.96726820204082e+01	1.31392326799044e+01	7.84053253700093e+02	1.31392326799044e+01	1
66	75	72	73	3.00002630448759e-02	1.00000000000000e+00	0.00000000000000e+00	0.00000000000000e+00	2.53927161800166e+00	3.63787264224988e+02	9.23754675036985e+02	3.63787264224988e+02	1
66	75	73	74	3.00001020803475e-02	1.00000000000000e+00	0.00000000000000e+00	0.00000000000000e+00	9.97371945111087e-01	1.01380437762678e+03	1.01114004407576e+03	1.01380437762678e+03	1
67	76	68	69	3.00001163549681e-02	1.00000000000000e+00	0.00000000000000e+00	0.00000000000000e+00	1.16436317180741e+00	8.59702864112226e+02	1.00100635366962e+03	8.59702864112226e+02	1
67	76	69	70	3.00004561806017e-02	1.00000000000000e+00	0.00000000000000e+00	0.00000000000000e+00	4.57754397293215e+00	2.12756590062701e+02	9.73902646543112e+02	2.12756590062701e+02	1
67	76	70	71	3.00031589623389e-02	1.00000000000000e+00	0.00000000000000e+00	0.00000000000000e+00	3.23333561535174e+01	3.20948607554170e+01	1.03773456350245e+03	3.20948607554170e+01	1
67	76	71	72	3.00047727844427e-02	1.00000000000000e+00	0.00000000000000e+00	0.00000000000000e+00	4.63561866755323e+01	2.10772716223534e+01	9.77061937936713e+02	2.10772716223534e+01	1
67	76	72	73	3.00095463534013e-02	1.00000000000000e+00	0.00000000000000e+00	0.00000000000000e+00	5.68183441314604e+01	1.02865222197428e+01	5.84463159397261e+02	1.02865222197428e+01	1
67	76	73	74	3.00060830316129e-02	1.00000000000000e+00	0.00000000000000e+00	0.00000000000000e+00	3.00302962907764e+01	1.64736031461480e+01	4.94707183455492e+02	1.64736031461480e+01	1
67	76	74	75	3.00014744468775e-02	1.00000000000000e+00	0.00000000000000e+00	0.00000000000000e+00	1.16335696207078e+01	6.70380221234020e+01	7.79891497607147e+02	6.70380221234020e+01	1
68	77	69	70	3.00001171521990e-02	1.00000000000000e+00	0.00000000000000e+00	0.00000000000000e+00	1.17296974947589e+00	8.56497396014017e+02	1.00464553602931e+03	8.56497396014017e+02	1
68	77	70	71	3.00004611842316e-02	1.00000000000000e+00	0.00000000000000e+00	0.00000000000000e+00	4.64205812145329e+00	2.21140307014960e+02	1.02654615815947e+03	2.21140307014960e+02	1
68	77	71	72	3.00034824004328e-02	1.00000000000000e+00	0.00000000000000e+00	0.00000000000000e+00	3.60023637520791e+01	3.00822966182676e+01	1.08303378534881e+03	3.00822966182676e+01	1
68	77	72	73	3.00046814007258e-02	1.00000000000000e+00	0.00000000000000e+00	0.00000000000000e+00	3.96354877421668e+01	2.05677701339112e+01	8.15213601026343e+02	2.05677701339112e+01	1
68	77	73	74	3.00163719642299e-02	1.00000000000000e+00	0.00000000000000e+00	0.00000000000000e+00	5.87029992269412e+01	6.49907309987192e+00	3.81515083157616e+02	6.49907309987192e+00	1
68	77	74	75	3.00047036778253e-02	1.00000000000000e+00	0.00000000000000e+00	0.00000000000000e+00	3.00425937961793e+01	2.00147250508982e+01	6.01294254646349e+02	2.00147250508982e+01	1
68	77	75	76	3.00000673242277e-02	1.00000000000000e+00	0.00000000000000e+00	0.00000000000000e+00	6.73034233713164e-01	1.47858574996913e+03	9.95138827209674e+02	1.47858574996913e+03	1
69	78	70	71	3.00001174592371e-02	1.00000000000000e+00	0.00000000000000e+00	0.00000000000000e+00	1.17736235524295e+00	8.66385318650653e+02	1.02004945931445e+03	8.66385318650653e+02	1
69	78	71	72	3.00004733851587e-02	1.00000000000000e+00	0.00000000000000e+00	0.00000000000000e+00	4.78119673006582e+00	2.13025243923494e+02	1.01851559966848e+03	2.13025243923494e+02	1
69	78	72	73	3.00022209472052e-02	1.00000000000000e+00	0.00000000000000e+00	0.00000000000000e+00	2.10969200534418e+01	4.41846446916803e+01	9.32159916650110e+02	4.41846446916803e+01	1
69	78	73	74	3.00159332073755e-02	1.00000000000000e+00	0.00000000000000e+00	0.00000000000000e+00	6.69549830678970e+01	6.23699292309357e+00	4.17597755560323e+02	6.23699292309357e+00	1
69	78	74	75	3.00122963000922e-02	1.00000000000000e+00	0.00000000000000e+00	0.00000000000000e+00	5.85362367363232e+01	8.01219799848101e+00	4.69003918817379e+02	8.01219799848101e+00	1
69	78	75	76	3.00003018781745e-02	1.00000000000000e+00	0.00000000000000e+00	0.00000000000000e+00	3.00500974822855e+00	3.25402418072159e+02	9.77837438403979e+02	3.25402418072159e+02	1
69	78	76	77	3.00001300131837e-02	1.00000000000000e+00	0.00000000000000e+00	0.00000000000000e+00	1.30655858207140e+00	7.88757066164321e+02	1.03055731396645e+03	7.88757066164321e+02	1
70	79	71	72	3.00001300131837e-02	1.00000000000000e+00	0.00000000000000e+00	0.00000000000000e+00	1.30655858207127e+00	7.77390786258025e+02	1.01570660340855e+03	7.77390786258025e+02	1
70	79	72	73	3.00003018781745e-02	1.00000000000000e+00	0.00000000000000e+00	0.00000000000000e+00	3.00500974822867e+00	3.24373401511814e+02	9.74745233609093e+02	3.24373401511814e+02	1
70	79	73	74	3.00122963000922e-02	1.00000000000000e+00	0.00000000000000e+00	0.00000000000000e+00	5.85362367363353e+01	8.35209819469381e+00	4.88900397169716e+02	8.35209819469381e+00	1
70	79	74	75	3.00159332073758e-02	1.00000000000000e+00	0.00000000000000e+00	0.00000000000000e+00	6.69549830679089e+01	6.33409117254355e+00	4.24098967208245e+02	6.33409117254355e+00	1
70	79	75	76	3.00022209472052e-02	1.00000000000000e+00	0.00000000000000e+00	0.00000000000000e+00	2.10969200534388e+01	4.61239090454158e+01	9.73072421683221e+02	4.61239090454158e+01	1
70	79	76	77	3.00004733851587e-02	1.00000000000000e+00	0.00000000000000e+00	0.00000000000000e+00	4.78119673006605e+00	2.15234707839385e+02	1.02907948131839e+03	2.15234707839385e+02	1
70	79	77	78	3.00001174592371e-02	1.00000000000000e+00	0.00000000000000e+00	0.00000000000000e+00	1.17736235524292e+00	8.30185923811811e+02	9.77429654548595e+02	8.30185923811811e+02	1
71	80	72	73	3.00000673242277e-02	1.00000000000000e+00	0.00000000000000e+00	0.00000000000000e+00	6.73034233713177e-01	1.46038738918608e+03	9.82890707405239e+02	1.46038738918608e+03	1
71	80	73	74	3.00047036778253e-02	1.00000000000000e+00	0.00000000000000e+00	0.00000000000000e+00	3.00425937961849e+01	2.17366571680058e+01	6.53025561785329e+02	2.17366571680058e+01	1
71	80	74	75	3.00163719642298e-02	1.00000000000000e+00	0.00000000000000e+00	0.00000000000000e+00	5.87029992269014e+01	6.21990792694583e+00	3.65127250226899e+02	6.21990792694583e+00	1
71	80	75	76	3.00046814007258e-02	1.00000000000000e+00	0.00000000000000e+00	0.00000000000000e+00	3.96354877421731e+01	2.13477314349482e+01	8.46127747613095e+02	2.13477314349482e+01	1
71	80	76	77	3.00034824004328e-02	1.00000000000000e+00	0.00000000000000e+00	0.00000000000000e+00	3.60023637520849e+01	2.88169109051100e+01	1.03747690861719e+03	2.88169109051100e+01	1
71	80	77	78	3.00004611842316e-02	1.00000000000000e+00	0.00000000000000e+00	0.00000000000000e+00	4.64205812145314e+00	2.25144414104669e+02	1.04513345599439e+03	2.25144414104669e+02	1
71	80	78	79	3.00001171521990e-02	1.00000000000000e+00	0.00000000000000e+00	0.00000000000000e+00	1.17296974947578e+00	8.38441614894236e+02	9.83466650972562e+02	8.38441614894236e+02	1
72	81	73	74	3.00014744468775e-02	1.00000000000000e+00	0.00000000000000e+00	0.00000000000000e+00	1.16335696207083e+01	6.89352558968319e+01	8.01963098797139e+02	6.89352558968319e+01	1
72	81	74	75	3.00060830316129e-02	1.00000000000000e+00	0.00000000000000e+00	0.00000000000000e+00	3.00302962907752e+01	1.63394349025038e+01	4.90678071346022e+02	1.63394349025038e+01	1
72	81	75	76	3.00095463534013e-02	1.00000000000000e+00	0.00000000000000e+00	0.00000000000000e+00	5.68183441314891e+01	1.04067746508110e+01	5.91295703408639e+02	1.04067746508110e+01	1
72	81	76	77	3.00047727844427e-02	1.00000000000000e+00	0.00000000000000e+00	0.00000000000000e+00	4.63561866755362e+01	2.16428913182057e+01	1.00328191014508e+03	2.16428913182057e+01	1
72	81	77	78	3.00031589623389e-02	1.00000000000000e+00	0.00000000000000e+00	0.00000000000000e+00	3.23333561535198e+01	3.24399276718760e+01	1.04889173500919e+03	3.24399276718760e+01	1
72	81	78	79	3.00004561806017e-02	1.00000000000000e+00	0.00000000000000e+00	0.00000000000000e+00	4.57754397293189e+00	2.24561425091250e+02	1.02793979797945e+03	2.24561425091250e+02	1
72	81	79	80	3.00001163549681e-02	1.00000000000000e+00	0.00000000000000e+00	0.00000000000000e+00	1.16436317180748e+00	8.93098535768757e+02	1.03989104384433e+03	8.93098535768757e+02	1
73	82	74	75	3.00001020803475e-02	1.00000000000000e+00	0.00000000000000e+00	0.00000000000000e+00	9.97371945111095e-01	9.80237765875864e+02	9.77661647222964e+02	9.80237765875864e+02	1
73	82	75	76	3.00002630448759e-02	1.00000000000000e+00	0.00000000000000e+00	0.00000000000000e+00	2.53927161800171e+00	3.87940941628546e+02	9.85087422538223e+02	3.87940941628546e+02	1
73	82	76	77	3.00079399586546e-02	1.00000000000000e+00	0.00000000000000e+00	0.00000000000000e+00	5.96726820203987e+01	1.24772631305963e+01	7.44551755276916e+02	1.24772631305963e+01	1
73	82	77	78	3.00041905903155e-02	1.00000000000000e+00	0.00000000000000e+00	0.00000000000000e+00	4.02627587750555e+01	2.40950862053386e+01	9.70134643549713e+02	2.40950862053386e+01	1
73	82	78	79	3.00026896278866e-02	1.00000000000000e+00	0.00000000000000e+00	0.00000000000000e+00	2.68185320488630e+01	3.70346903111127e+01	9.93216029028292e+02	3.70346903111127e+01	1
73	82	79	80	3.00003335375469e-02	1.00000000000000e+00	0.00000000000000e+00	0.00000000000000e+00	3.33681353907023e+00	3.00688759213934e+02	1.00334232279128e+03	3.00688759213934e+02	1
73	82	80	81	3.00000845796889e-02	1.00000000000000e+00	0.00000000000000e+00	0.00000000000000e+00	8.45921213913714e-01	1.20342693924309e+03	1.01800437730098e+03	1.20342693924309e+03	1
74	83	75	76	3.00000744966029e-02	1.00000000000000e+00	0.00000000000000e+00	0.00000000000000e+00	7.33923657994188e-01	1.30939301993506e+03	9.60994514942796e+02	1.30939301993506e+03	1
74	83	76	77	3.00044683079741e-02	1.00000000000000e+00	0.00000000000000e+00	0.00000000000000e+00	3.00311993200031e+01	2.37848638426240e+01	7.14287986856977e+02	2.37848638426240e+01	1
74	83	77	78	3.00077308195342e-02	1.00000000000000e+00	0.00000000000000e+00	0.00000000000000e+00	5.73923378992212e+01	1.25447463484257e+01	7.19972321288868e+02	1.25447463484257e+01	1
74	83	78	79	3.00078146578181e-02	1.00000000000000e+00	0.00000000000000e+00	0.00000000000000e+00	6.79251564738146e+01	1.23302245035179e+01	8.37532428758718e+02	1.23302245035179e+01	1
74	83	79	80	3.00046493718710e-02	1.00000000000000e+00	0.00000000000000e+00	0.00000000000000e+00	4.46355653553467e+01	2.22556667737634e+01	9.93394268807135e+02	2.22556667737634e+01	1
74	83	80	81	3.00026398265055e-02	1.00000000000000e+00	0.00000000000000e+00	0.00000000000000e+00	2.60942414034533e+01	3.87810323348979e+01	1.01196161962196e+03	3.87810323348979e+01	1
74	83	81	82	3.00004694806160e-02	1.00000000000000e+00	0.00000000000000e+00	0.00000000000000e+00	4.68978787903698e+00	2.16989552475031e+02	1.01763497307506e+03	2.16989552475031e+02	1
75	84	76	77	3.00014632565831e-02	1.00000000000000e+00	0.00000000000000e+00	0.00000000000000e+00	1.16213958985129e+01	6.96290244975144e+01	8.09186459712870e+02	6.96290244975144e+01	1
75	84	77	78	3.00040443063972e-02	1.00000000000000e+00	0.00000000000000e+00	0.00000000000000e+00	2.99862006106264e+01	2.47170330114196e+01	7.41169910379904e+02	2.47170330114196e+01	1
75	84	78	79	3.00074625701688e-02	1.00000000000000e+00	0.00000000000000e+00	0.00000000000000e+00	5.74273271684624e+01	1.30394173992959e+01	7.48818889075506e+02	1.30394173992959e+01	1
75	84	79	80	3.00078289710437e-02	1.00000000000000e+00	0.00000000000000e+00	0.00000000000000e+00	6.74250568088211e+01	1.28021259068208e+01	8.63184066541074e+02	1.28021259068208e+01	1
75	84	80	81	3.00049750251074e-02	1.00000000000000e+00	0.00000000000000e+00	0.00000000000000e+00	4.70967925260220e+01	1.96919966955630e+01	9.27429882794041e+02	1.96919966955630e+01	1
75	84	81	82	3.00027901372219e-02	1.00000000000000e+00	0.00000000000000e+00	0.00000000000000e+00	2.73964666894148e+01	3.68890929323908e+01	1.01063080572497e+03	3.68890929323908e+01	1
75	84	82	83	3.00001057608525e-02	1.00000000000000e+00	0.00000000000000e+00	0.00000000000000e+00	1.05715696449126e+00	9.41358015860789e+02	9.95163182546909e+02	9.41358015860789e+02	1
85	94	86	87	3.00001040876711e-02	1.00000000000000e+00	0.00000000000000e+00	0.00000000000000e+00	1.04046392158915e+00	9.36936130948044e+02	9.74848241084771e+02	9.36936130948044e+02	1
85	94	87	88	3.00027969277820e-02	1.00000000000000e+00	0.00000000000000e+00	0.00000000000000e+00	2.74909721166041e+01	3.54087628654117e+01	9.73421312616480e+02	3.54087628654117e+01	1
85	94	88	89	3.00050994058925e-02	1.00000000000000e+00	0.00000000000000e+00	0.00000000000000e+00	4.83661937642110e+01	1.98530980014375e+01	9.60218784757396e+02	1.98530980014375e+01	1
85	94	89	90	3.00080086822225e-02	1.00000000000000e+00	0.00000000000000e+00	0.00000000000000e+00	6.93257625741381e+01	1.22752248298568e+01	8.50989322098820e+02	1.22752248298568e+01	1
85	94	90	91	3.00075753102652e-02	1.00000000000000e+00	0.00000000000000e+00	0.00000000000000e+00	5.88608542039752e+01	1.28750787150386e+01	7.57838131110589e+02	1.28750787150386e+01	1
85	94	91	92	3.00040809120197e-02	1.00000000000000e+00	0.00000000000000e+00	0.00000000000000e+00	3.05947250358652e+01	2.46834924630773e+01	7.55184664832700e+02	2.46834924630773e+01	1
85	94	92	93	3.00014467121877e-02	1.00000000000000e+00	0.00000000000000e+00	0.00000000000000e+00	1.16179113662359e+01	6.96302526593350e+01	8.08958103804768e+02	6.96302526593350e+01	1
86	95	87	88	3.00004737363727e-02	1.00000000000000e+00	0.00000000000000e+00	0.00000000000000e+00	4.73216492437960e+00	2.07877528800398e+02	9.83710750355954e+02	2.07877528800398e+02	1
86	95	88	89	3.00026281297281e-02	1.00000000000000e+00	0.00000000000000e+00	0.00000000000000e+00	2.59789652005177e+01	3.75121365710358e+01	9.74526490576006e+02	3.75121365710358e+01	1
86	95	89	90	3.00047790112584e-02	1.00000000000000e+00	0.00000000000000e+00	0.00000000000000e+00	4.58417672786584e+01	2.10705217593937e+01	9.65909954934034e+02	2.10705217593937e+01	1
86	95	90	91	3.00080401924872e-02	1.00000000000000e+00	0.00000000000000e+00	0.00000000000000e+00	6.97535268390387e+01	1.18970513255513e+01	8.29861288942265e+02	1.18970513255513e+01	1
86	95	91	92	3.00079380715449e-02	1.00000000000000e+00	0.00000000000000e+00	0.00000000000000e+00	5.88684026420403e+01	1.20654608466070e+01	7.10274407179832e+02	1.20654608466070e+01	1
86	95	92	93	3.00045192921383e-02	1.00000000000000e+00	0.00000000000000e+00	0.00000000000000e+00	3.06064018978027e+01	2.16503690523069e+01	6.62639896450655e+02	2.16503690523069e+01	1
86	95	93	94	3.00000731818807e-02	1.00000000000000e+00	0.00000000000000e+00	0.00000000000000e+00	7.21639420553782e-01	1.35770843790391e+03	9.79775930409956e+02	1.35770843790391e+03	1
87	96	88	89	3.00000828069341e-02	1.00000000000000e+00	0.00000000000000e+00	0.00000000000000e+00	8.28152309395403e-01	1.21889218953023e+03	1.00942838166348e+03	1.21889218953023e+03	1
87	96	89	90	3.00003364288632e-02	1.00000000000000e+00	0.00000000000000e+00	0.00000000000000e+00	3.36486422938456e+00	3.10395836124039e+02	1.04443984592369e+03	3.10395836124039e+02	1
87	96	90	91	3.00026409247003e-02	1.00000000000000e+00	0.00000000000000e+00	0.00000000000000e+00	2.62533980574570e+01	3.88398826209820e+01	1.01967889895355e+03	3.88398826209820e+01	1
87	96	91	92	3.00043384880974e-02	1.00000000000000e+00	0.00000000000000e+00	0.00000000000000e+00	4.13669356782794e+01	2.29388931778941e+01	9.48911718620867e+02	2.29388931778941e+01	1
87	96	92	93	3.00081467909876e-02	1.00000000000000e+00	0.00000000000000e+00	0.00000000000000e+00	6.08416382890949e+01	1.22677672762949e+01	7.46391059239131e+02	1.22677672762949e+01	1
87	96	93	94	3.00002638544686e-02	1.00000000000000e+00	0.00000000000000e+00	0.00000000000000e+00	2.55136968143982e+00	3.67598039807456e+02	9.37878493721451e+02	3.67598039807456e+02	1
87	96	94	95	3.00000994660378e-02	1.00000000000000e+00	0.00000000000000e+00	0.00000000000000e+00	9.73677440472570e-01	1.00480990907275e+03	9.78360740427431e+02	1.00480990907275e+03	1
88	97	89	90	3.00001139284776e-02	1.00000000000000e+00	0.00000000000000e+00	0.00000000000000e+00	1.13992698006752e+00	8.70142591916251e+02	9.91899017031218e+02	8.70142591916251e+02	1
88	97	90	91	3.00004605206830e-02	1.00000000000000e+00	0.00000000000000e+00	0.00000000000000e+00	4.61770946617696e+00	2.19247852000306e+02	1.01242288162078e+03	2.19247852000306e+02	1
88	97	91	92	3.00031376795577e-02	1.00000000000000e+00	0.00000000000000e+00	0.00000000000000e+00	3.18633995014597e+01	3.10796707624296e+01	9.90303965877130e+02	3.10796707624296e+01	1
88	97	92	93	3.00049581017886e-02	1.00000000000000e+00	0.00000000000000e+00	0.00000000000000e+00	4.77064269426990e+01	2.04833021528862e+01	9.77185157701894e+02	2.04833021528862e+01	1
88	97	93	94	3.00094946884169e-02	1.00000000000000e+00	0.00000000000000e+00	0.00000000000000e+00	5.79687912324756e+01	1.10166513564197e+01	6.38621962561264e+02	1.10166513564197e+01	1
88	97	94	95	3.00058974814321e-02	1.00000000000000e+00	0.00000000000000e+00	0.00000000000000e+00	3.06219681971556e+01	1.69010545537560e+01	5.17543555043507e+02	1.69010545537560e+01	1
88	97	95	96	3.00014451058668e-02	1.00000000000000e+00	0.00000000000000e+00	0.00000000000000e+00	1.16334021430231e+01	7.00330650820617e+01	8.14722809408134e+02	7.00330650820617e+01	1
89	98	90	91	3.00001147487371e-02	1.00000000000000e+00	0.00000000000000e+00	0.00000000000000e+00	1.14866959266173e+00	8.89512533924017e+02	1.02175600001001e+03	8.89512533924017e+02	1
89	98	91	92	3.00004656687118e-02	1.00000000000000e+00	0.00000000000000e+00	0.00000000000000e+00	4.68223186783735e+00	2.12160098790827e+02	9.93382775641929e+02	2.12160098790827e+02	1
89	98	92	93	3.00034470466263e-02	1.00000000000000e+00	0.00000000000000e+00	0.00000000000000e+00	3.53608089564814e+01	2.92053939514459e+01	1.03272635601586e+03	2.92053939514459e+01	1
89	98	93	94	3.00047547973662e-02	1.00000000000000e+00	0.00000000000000e+00	0.00000000000000e+00	4.06023641054297e+01	2.10393367970165e+01	8.54246813169230e+02	2.10393367970165e+01	1
89	98	94	95	3.00152524069744e-02	1.00000000000000e+00	0.00000000000000e+00	0.00000000000000e+00	6.01838877879005e+01	6.57556393843024e+00	3.95743002212651e+02	6.57556393843024e+00	1
89	98	95	96	3.00046182010426e-02	1.00000000000000e+00	0.00000000000000e+00	0.00000000000000e+00	3.06460917650103e+01	2.11512259333996e+01	6.48202410897430e+02	2.11512259333996e+01	1
89	98	96	97	3.00000662018274e-02	1.00000000000000e+00	0.00000000000000e+00	0.00000000000000e+00	6.61956157823871e-01	1.51164302648423e+03	1.00064140981275e+03	1.51164302648423e+03	1
90	99	91	92	3.00001150469115e-02	1.00000000000000e+00	0.00000000000000e+00	0.00000000000000e+00	1.15280286761272e+00	8.82196656183950e+02	1.01699883504721e+03	8.82196656183950e+02	1
90	99	92	93	3.00004789570035e-02	1.00000000000000e+00	0.00000000000000e+00	0.00000000000000e+00	4.83259744744777e+00	2.17876551668222e+02	1.05290966745057e+03	2.17876551668222e+02	1
90	99	93	94	3.00021775639646e-02	1.00000000000000e+00	0.00000000000000e+00	0.00000000000000e+00	2.08051649297270e+01	4.72445462161152e+01	9.82930576056389e+02	4.72445462161152e+01	1
90	99	94	95	3.00152058011769e-02	1.00000000000000e+00	0.00000000000000e+00	0.00000000000000e+00	6.89813523599113e+01	7.00146083856597e+00	4.82970237139239e+02	7.00146083856597e+00	1
90	99	95	96	3.00117468019345e-02	1.00000000000000e+00	0.00000000000000e+00	0.00000000000000e+00	5.99901270918006e+01	8.31690671792743e+00	4.98932291019117e+02	8.31690671792743e+00	1
90	99	96	97	3.00003030140137e-02	1.00000000000000e+00	0.00000000000000e+00	0.00000000000000e+00	3.01857106105485e+00	3.38654265797218e+02	1.02225196643826e+03	3.38654265797218e+02	1
90	99	97	98	3.00001269630448e-02	1.00000000000000e+00	0.00000000000000e+00	0.00000000000000e+00	1.27526274119397e+00	7.91962956838262e+02	1.00996085126164e+03	7.91962956838262e+02	1
91	100	92	93	3.00001269630448e-02	1.00000000000000e+00	0.00000000000000e+00	0.00000000000000e+00	1.27526274119398e+00	8.39373668104598e+02	1.07042196487311e+03	8.39373668104598e+02	1
91	100	93	94	3.00003030140137e-02	1.00000000000000e+00	0.00000000000000e+00	0.00000000000000e+00	3.01857106105500e+00	3.22015075980767e+02	9.72025389578972e+02	3.22015075980767e+02	1
91	100	94	95	3.00117468019345e-02	1.00000000000000e+00	0.00000000000000e+00	0.00000000000000e+00	5.99901270917287e+01	8.29841591032538e+00	4.97823025120443e+02	8.29841591032538e+00	1
91	100	95	96	3.00152058011769e-02	1.00000000000000e+00	0.00000000000000e+00	0.00000000000000e+00	6.89813523599557e+01	6.45812144305039e+00	4.45489950846444e+02	6.45812144305039e+00	1
91	100	96	97	3.00021775639646e-02	1.00000000000000e+00	0.00000000000000e+00	0.00000000000000e+00	2.08051649297242e+01	4.29966016410005e+01	8.94551388558664e+02	4.29966016410005e+01	1
91	100	97	98	3.00004789570035e-02	1.00000000000000e+00	0.00000000000000e+00	0.00000000000000e+00	4.83259744744762e+00	2.05493831445667e+02	9.93068965310560e+02	2.05493831445667e+02	1
91	100	98	99	3.00001150469115e-02	1.00000000000000e+00	0.00000000000000e+00	0.00000000000000e+00	1.15280286761268e+00	8.49415182321601e+02	9.79208257974089e+02	8.49415182321601e+02	1
92	101	93	94	3.00000662018274e-02	1.00000000000000e+00	0.00000000000000e+00	0.00000000000000e+00	6.61956157823904e-01	1.51734757702337e+03	1.00441757216980e+03	1.51734757702337e+03	1
92	101	94	95	3.00046182010426e-02	1.00000000000000e+00	0.00000000000000e+00	0.00000000000000e+00	3.06460917650095e+01	2.18754932550435e+01	6.70398373698908e+02	2.18754932550435e+01	1
92	101	95	96	3.00152524069745e-02	1.00000000000000e+00	0.00000000000000e+00	0.00000000000000e+00	6.01838877878716e+01	6.92555439323208e+00	4.16806788471081e+02	6.92555439323208e+00	1
92	101	96	97	3.00047547973662e-02	1.00000000000000e+00	0.00000000000000e+00	0.00000000000000e+00	4.06023641054363e+01	2.16311475547242e+01	8.78275729035328e+02	2.16311475547242e+01	1
92	101	97	98	3.00034470466263e-02	1.00000000000000e+00	0.00000000000000e+00	0.00000000000000e+00	3.53608089564792e+01	2.85081987057651e+01	1.00807296812791e+03	2.85081987057651e+01	1
92	101	98	99	3.00004656687118e-02	1.00000000000000e+00	0.00000000000000e+00	0.00000000000000e+00	4.68223186783688e+00	2.08956950901895e+02	9.78384894518880e+02	2.08956950901895e+02	1
92	101	99	100	3.00001147487371e-02	1.00000000000000e+00	0.00000000000000e+00	0.00000000000000e+00	1.14866959266168e+00	8.84330108824674e+02	1.01580310588209e+03	8.84330108824674e+02	1
93	102	94	95	3.00014451058668e-02	1.00000000000000e+00	0.00000000000000e+00	0.00000000000000e+00	1.16334021430249e+01	6.64581826146743e+01	7.73134764051090e+02	6.64581826146743e+01	1
93	102	95	96	3.00058974814321e-02	1.00000000000000e+00	0.00000000000000e+00	0.00000000000000e+00	3.06219681971489e+01	1.78882218811642e+01	5.47772561548553e+02	1.78882218811642e+01	1
93	102	96	97	3.00094946884169e-02	1.00000000000000e+00	0.00000000000000e+00	0.00000000000000e+00	5.79687912325070e+01	1.09049855726698e+01	6.32148832055596e+02	1.09049855726698e+01	1
93	102	97	98	3.00049581017886e-02	1.00000000000000e+00	0.00000000000000e+00	0.00000000000000e+00	4.77064269427061e+01	1.98850779241153e+01	9.48646017236822e+02	1.98850779241153e+01	1
93	102	98	99	3.00031376795577e-02	1.00000000000000e+00	0.00000000000000e+00	0.00000000000000e+00	3.18633995014452e+01	3.02325515216312e+01	9.63311867081762e+02	3.02325515216312e+01	1
93	102	99	100	3.00004605206830e-02	1.00000000000000e+00	0.00000000000000e+00	0.00000000000000e+00	4.61770946617689e+00	2.25965267835568e+02	1.04344195631150e+03	2.25965267835568e+02	1
93	102	100	101	3.00001139284776e-02	1.00000000000000e+00	0.00000000000000e+00	0.00000000000000e+00	1.13992698006752e+00	8.74727559394933e+02	9.97125545162899e+02	8.74727559394933e+02	1
94	103	95	96	3.00000994660378e-02	1.00000000000000e+00	0.00000000000000e+00	0.00000000000000e+00	9.73677440472556e-01	1.04270224823776e+03	1.01525565623912e+03	1.04270224823776e+03	1
94	103	96	97	3.00002638544686e-02	1.00000000000000e+00	0.00000000000000e+00	0.00000000000000e+00	2.55136968143974e+00	3.60868153786039e+02	9.20708066566834e+02	3.60868153786039e+02	1
94	103	97	98	3.00081467909875e-02	1.00000000000000e+00	0.00000000000000e+00	0.00000000000000e+00	6.08416382890982e+01	1.20539960805437e+01	7.33384869470650e+02	1.20539960805437e+01	1
94	103	98	99	3.00043384880975e-02	1.00000000000000e+00	0.00000000000000e+00	0.00000000000000e+00	4.13669356782969e+01	2.30531307514009e+01	9.53637376976570e+02	2.30531307514009e+01	1
94	103	99	100	3.00026409247003e-02	1.00000000000000e+00	0.00000000000000e+00	0.00000000000000e+00	2.62533980574567e+01	3.79188979438158e+01	9.95499921619073e+02	3.79188979438158e+01	1
94	103	100	101	3.00003364288632e-02	1.00000000000000e+00	0.00000000000000e+00	0.00000000000000e+00	3.36486422938474e+00	2.93226293097141e+02	9.86666664757655e+02	2.93226293097141e+02	1
94	103	101	102	3.00000828069341e-02	1.00000000000000e+00	0.00000000000000e+00	0.00000000000000e+00	8.28152309395442e-01	1.23019353395233e+03	1.01878761614596e+03	1.23019353395233e+03	1
95	104	96	97	3.00000732595452e-02	1.00000000000000e+00	0.00000000000000e+00	0.00000000000000e+00	7.23222883926566e-01	1.32129036134482e+03	9.55587425636173e+02	1.32129036134482e+03	1
95	104	97	98	3.00050607854866e-02	1.00000000000000e+00	0.00000000000000e+00	0.00000000000000e+00	3.46716804520211e+01	1.96753626001989e+01	6.82177884851743e+02	1.96753626001989e+01	1
95	104	98	99	3.00109538469308e-02	1.00000000000000e+00	0.00000000000000e+00	0.00000000000000e+00	8.69795441676145e+01	9.16217099790410e+00	7.96921456983436e+02	9.16217099790410e+00	1
95	104	99	100	3.00134889112594e-02	1.00000000000000e+00	0.00000000000000e+00	0.00000000000000e+00	1.51281738466174e+02	7.52796192899977e+00	1.13884316772626e+03	7.52796192899977e+00	1
95	104	100	101	3.00130052214928e-02	1.00000000000000e+00	0.00000000000000e+00	0.00000000000000e+00	2.56373405254875e+02	7.85344333905235e+00	2.01341401180906e+03	7.85344333905235e+00	1
95	104	101	102	3.00114894043290e-02	1.00000000000000e+00	0.00000000000000e+00	0.00000000000000e+00	3.90676879459530e+02	8.40990349118014e+00	3.28555485249007e+03	8.40990349118014e+00	1
95	104	102	103	3.00058118811656e-02	1.00000000000000e+00	0.00000000000000e+00	0.00000000000000e+00	5.80797996654948e+02	1.64140943629614e+01	9.53327312291326e+03	1.64140943629614e+01	1
96	105	97	98	3.00015305517951e-02	1.00000000000000e+00	0.00000000000000e+00	0.00000000000000e+00	1.25140052394636e+01	6.78403869456022e+01	8.48954957684506e+02	6.78403869456022e+01	1
96	105	98	99	3.00050948092058e-02	1.00000000000000e+00	0.00000000000000e+00	0.00000000000000e+00	4.02029576099535e+01	1.98235316109877e+01	7.96964601036110e+02	1.98235316109877e+01	1
96	105	99	100	3.00211821449058e-02	1.00000000000000e+00	0.00000000000000e+00	0.00000000000000e+00	1.67234327187411e+02	4.61487518709175e+00	7.71765546967165e+02	4.61487518709175e+00	1
96	105	100	101	3.00151436746967e-02	1.00000000000000e+00	0.00000000000000e+00	0.00000000000000e+00	-8.02902643671486e+02	-6.91085928857564e+00	5.54874719283902e+03	-6.91085928857564e+00	1
96	105	101	102	3.00059988299461e-02	1.00000000000000e+00	0.00000000000000e+00	0.00000000000000e+00	-7.74563228334571e+01	-1.67277776159583e+01	1.29567214330794e+03	-1.67277776159583e+01	1
96	105	102	103	3.00029540529041e-02	1.00000000000000e+00	0.00000000000000e+00	0.00000000000000e+00	-3.19545722719380e+01	-3.50495550637020e+01	1.11999354038234e+03	-3.50495550637020e+01	1
96	105	103	104	3.00003778226595e-02	1.00000000000000e+00	0.00000000000000e+00	0.00000000000000e+00	-1.04415691528177e+00	-2.65210557044359e+02	2.76921437143598e+02	-2.65210557044359e+02	1
0
